 2.00000000E-06   2.19298179E+02   4.04888381E-03
 8.48709997E-03   2.19247246E+02   5.07816006E-02
 1.82322999E-02   2.19224897E+02   8.86067335E-02
 2.94102999E-02   2.19206344E+02   1.28185583E-01
 4.22188498E-02   2.19187759E+02   1.68801771E-01
 5.68775498E-02   2.19167373E+02   2.13657151E-01
 7.36320997E-02   2.19145599E+02   2.60975522E-01
 9.27629996E-02   2.19121272E+02   3.15731146E-01
 1.14579850E-01   2.19094612E+02   3.78673675E-01
 1.39432099E-01   2.19066667E+02   4.47601022E-01
 1.67709099E-01   2.19038053E+02   5.21303390E-01
 1.99840249E-01   2.19008327E+02   6.02673611E-01
 2.36304849E-01   2.18976588E+02   6.97416336E-01
 2.77651999E-01   2.18943821E+02   8.02170919E-01
 3.24470849E-01   2.18910344E+02   9.14336677E-01
 3.77430348E-01   2.18875983E+02   1.03175445E+00
 4.37249348E-01   2.18840368E+02   1.15252985E+00
 5.04756848E-01   2.18801372E+02   1.28432061E+00
 5.80831348E-01   2.18758163E+02   1.42663330E+00
 6.66471347E-01   2.18711114E+02   1.57325549E+00
 7.62754847E-01   2.18660789E+02   1.71927841E+00
 8.70890347E-01   2.18607865E+02   1.86101300E+00
 9.92175846E-01   2.18552988E+02   1.99580651E+00
 1.12806935E+00   2.18496608E+02   2.12214223E+00
 1.28013834E+00   2.18435463E+02   2.25029511E+00
 1.45007984E+00   2.18370526E+02   2.37543781E+00
 1.63979134E+00   2.18302517E+02   2.49541174E+00
 1.85126984E+00   2.18231831E+02   2.61050538E+00
 2.08681184E+00   2.18158649E+02   2.72206949E+00
 2.34891334E+00   2.18083024E+02   2.83144423E+00
 2.63997084E+00   2.18004931E+02   2.93949047E+00
 2.96297984E+00   2.17922112E+02   3.05124187E+00
 3.32093534E+00   2.17832274E+02   3.17103690E+00
 3.71723334E+00   2.17735959E+02   3.29646426E+00
 4.15526783E+00   2.17633365E+02   3.42574347E+00
 4.63913183E+00   2.17524219E+02   3.55768672E+00
 5.17262183E+00   2.17408050E+02   3.69128309E+00
 5.76042683E+00   2.17284079E+02   3.82592229E+00
 6.40714182E+00   2.17151672E+02   3.96104196E+00
 7.11776182E+00   2.17009450E+02   4.09784038E+00
 7.89767682E+00   2.16851866E+02   4.24456419E+00
 8.75267681E+00   2.16680268E+02   4.39748874E+00
 9.68875181E+00   2.16496247E+02   4.55346470E+00
 1.07118968E+01   2.16301453E+02   4.70982769E+00
 1.18301968E+01   2.16096998E+02   4.86461196E+00
 1.30493418E+01   2.15884109E+02   5.01588887E+00
 1.43783218E+01   2.15663029E+02   5.16247727E+00
 1.58231268E+01   2.15434081E+02   5.30316461E+00
 1.73947368E+01   2.15196462E+02   5.43749186E+00
 1.90991468E+01   2.14928971E+02   5.57746355E+00
 2.09473368E+01   2.14633875E+02   5.71777394E+00
 2.29482968E+01   2.14316545E+02   5.85445794E+00
 2.51120067E+01   2.13983412E+02   5.98526570E+00
 2.74484567E+01   2.13639470E+02   6.10920006E+00
 2.99686267E+01   2.13286483E+02   6.22616273E+00
 3.26825017E+01   2.12923686E+02   6.33651926E+00
 3.56030617E+01   2.12548940E+02   6.44098068E+00
 3.87402917E+01   2.12160899E+02   6.54016700E+00
 4.21071717E+01   2.11758583E+02   6.63469867E+00
 4.57156867E+01   2.11335598E+02   6.73372535E+00
 4.95768167E+01   2.10890310E+02   6.83998261E+00
 5.37045416E+01   2.10423647E+02   6.95197355E+00
 5.81098416E+01   2.09936353E+02   7.06871282E+00
 6.28077066E+01   2.09428389E+02   7.18980107E+00
 6.78081066E+01   2.08900076E+02   7.31495815E+00
 7.31250066E+01   2.08351249E+02   7.45600325E+00
 7.87714065E+01   2.07781786E+02   7.64513328E+00
 8.47593065E+01   2.07191498E+02   7.89614775E+00
 9.11006565E+01   2.06580166E+02   8.18295570E+00
 9.78064565E+01   2.05947790E+02   8.48220813E+00
 1.04886706E+02   2.05294441E+02   8.91926372E+00
 1.12355356E+02   2.04613798E+02   9.68480105E+00
 1.20223406E+02   2.03902078E+02   1.07376054E+01
 1.28500806E+02   2.03159353E+02   1.19491536E+01
 1.37197606E+02   2.02386410E+02   1.33030512E+01
 1.46313756E+02   2.01584677E+02   1.47974683E+01
 1.55859256E+02   2.00754567E+02   1.64355330E+01
 1.65854056E+02   1.99895616E+02   1.82213340E+01
 1.76278206E+02   1.99009675E+02   2.03261232E+01
 1.87161656E+02   1.98094686E+02   2.29123396E+01
 1.98494406E+02   1.97152876E+02   2.59303552E+01
 2.10276506E+02   1.96185472E+02   2.92755931E+01
 2.22507906E+02   1.95193524E+02   3.28310261E+01
 2.35188606E+02   1.94177878E+02   3.65153852E+01
 2.48318656E+02   1.93139167E+02   4.03019416E+01
 2.61888056E+02   1.92077260E+02   4.41823727E+01
 2.75886756E+02   1.90975526E+02   4.82847085E+01
 2.90324806E+02   1.89832755E+02   5.26349349E+01
 3.05162256E+02   1.88659565E+02   5.72077466E+01
 3.20409056E+02   1.87462820E+02   6.19896135E+01
 3.36045306E+02   1.86249505E+02   6.69531624E+01
 3.52050955E+02   1.85023551E+02   7.20680386E+01
 3.68406105E+02   1.83785652E+02   7.73525867E+01
 3.85100755E+02   1.82534794E+02   8.28018831E+01
 4.02094905E+02   1.81272755E+02   8.83541080E+01
 4.19378605E+02   1.79999422E+02   9.39750569E+01
 4.36911955E+02   1.78717301E+02   9.96351637E+01
 4.54684955E+02   1.77426988E+02   1.05315986E+02
 4.72647605E+02   1.76132086E+02   1.10988996E+02
 4.90770055E+02   1.74834727E+02   1.16646111E+02
 4.99946155E+02   1.74179987E+02   1.19514274E+02

