    2.00000E-06      6.47265E+01      1.43218E+02
    8.48710E-03      6.47265E+01      1.43218E+02
    1.82323E-02      6.47258E+01      1.43218E+02
    2.94103E-02      6.47250E+01      1.43218E+02
    4.22188E-02      6.47240E+01      1.43218E+02
    5.68775E-02      6.47230E+01      1.43218E+02
    7.36321E-02      6.47218E+01      1.43218E+02
    9.27630E-02      6.47204E+01      1.43218E+02
    1.14580E-01      6.47188E+01      1.43218E+02
    1.39432E-01      6.47170E+01      1.43218E+02
    1.67709E-01      6.47150E+01      1.43218E+02
    1.99840E-01      6.47126E+01      1.43218E+02
    2.36305E-01      6.47100E+01      1.43218E+02
    2.77652E-01      6.47070E+01      1.43218E+02
    3.24471E-01      6.47036E+01      1.43218E+02
    3.77430E-01      6.46998E+01      1.43218E+02
    4.37249E-01      6.46955E+01      1.43218E+02
    5.04757E-01      6.46906E+01      1.43218E+02
    5.80831E-01      6.46851E+01      1.43218E+02
    6.66471E-01      6.46790E+01      1.43218E+02
    7.62755E-01      6.46720E+01      1.43218E+02
    8.70890E-01      6.46642E+01      1.43218E+02
    9.92176E-01      6.46555E+01      1.43218E+02
    1.12807E+00      6.46457E+01      1.43218E+02
    1.28014E+00      6.46347E+01      1.43218E+02
    1.45008E+00      6.46225E+01      1.43218E+02
    1.63979E+00      6.46088E+01      1.43218E+02
    1.85127E+00      6.45936E+01      1.43219E+02
    2.08681E+00      6.45766E+01      1.43219E+02
    2.34891E+00      6.45578E+01      1.43219E+02
    2.63997E+00      6.45369E+01      1.43219E+02
    2.96298E+00      6.45137E+01      1.43219E+02
    3.32094E+00      6.44880E+01      1.43219E+02
    3.71723E+00      6.44595E+01      1.43219E+02
    4.15527E+00      6.44281E+01      1.43219E+02
    4.63913E+00      6.43935E+01      1.43220E+02
    5.17262E+00      6.43553E+01      1.43220E+02
    5.76043E+00      6.43133E+01      1.43220E+02
    6.40714E+00      6.42671E+01      1.43221E+02
    7.11776E+00      6.42164E+01      1.43222E+02
    7.89768E+00      6.41609E+01      1.43222E+02
    8.75268E+00      6.41001E+01      1.43223E+02
    9.68875E+00      6.40337E+01      1.43224E+02
    1.07119E+01      6.39612E+01      1.43226E+02
    1.18302E+01      6.38821E+01      1.43227E+02
    1.30493E+01      6.37961E+01      1.43229E+02
    1.43783E+01      6.37025E+01      1.43231E+02
    1.58231E+01      6.36010E+01      1.43234E+02
    1.73947E+01      6.34909E+01      1.43237E+02
    1.90991E+01      6.33718E+01      1.43241E+02
    2.09473E+01      6.32431E+01      1.43246E+02
    2.29483E+01      6.31042E+01      1.43253E+02
    2.51120E+01      6.29545E+01      1.43261E+02
    2.74485E+01      6.27934E+01      1.43270E+02
    2.99686E+01      6.26203E+01      1.43282E+02
    3.26825E+01      6.24346E+01      1.43295E+02
    3.56031E+01      6.22357E+01      1.43311E+02
    3.87403E+01      6.20229E+01      1.43329E+02
    4.21072E+01      6.17956E+01      1.43350E+02
    4.57157E+01      6.15532E+01      1.43377E+02
    4.95768E+01      6.12951E+01      1.43411E+02
    5.37045E+01      6.10206E+01      1.43455E+02
    5.81098E+01      6.07292E+01      1.43509E+02
    6.28077E+01      6.04202E+01      1.43575E+02
    6.78081E+01      6.00931E+01      1.43659E+02
    7.31250E+01      5.97473E+01      1.43777E+02
    7.87714E+01      5.93822E+01      1.43961E+02
    8.47593E+01      5.89973E+01      1.44218E+02
    9.11007E+01      5.85920E+01      1.44522E+02
    9.78065E+01      5.81661E+01      1.44873E+02
    1.04887E+02      5.77189E+01      1.45408E+02
    1.12355E+02      5.72501E+01      1.46280E+02
    1.20223E+02      5.67591E+01      1.47398E+02
    1.28501E+02      5.62457E+01      1.48636E+02
    1.37198E+02      5.57094E+01      1.49993E+02
    1.46314E+02      5.51504E+01      1.51467E+02
    1.55859E+02      5.45684E+01      1.53059E+02
    1.65854E+02      5.39623E+01      1.54763E+02
    1.76278E+02      5.33336E+01      1.56608E+02
    1.87162E+02      5.26805E+01      1.58626E+02
    1.98494E+02      5.20038E+01      1.60806E+02
    2.10277E+02      5.13037E+01      1.63141E+02
    2.22508E+02      5.05802E+01      1.65620E+02
    2.35189E+02      4.98335E+01      1.68231E+02
    2.48319E+02      4.90636E+01      1.70958E+02
    2.61888E+02      4.82713E+01      1.73801E+02
    2.75887E+02      4.74575E+01      1.76793E+02
    2.90325E+02      4.66216E+01      1.79930E+02
	3.05162E+02      4.57663E+01      1.83188E+02
    3.20409E+02      4.48909E+01      1.86552E+02
    3.36045E+02      4.39968E+01      1.89994E+02
    3.52051E+02      4.30852E+01      1.93481E+02
    3.68406E+02      4.21574E+01      1.97009E+02
    3.85101E+02      4.12144E+01      2.00572E+02
    4.02095E+02      4.02584E+01      2.04129E+02
    4.19379E+02      3.92903E+01      2.07647E+02
    4.36912E+02      3.83125E+01      2.11086E+02
    4.54685E+02      3.73260E+01      2.14396E+02
    4.72648E+02      3.63338E+01      2.17491E+02
    4.90770E+02      3.53379E+01      2.20205E+02
    4.99946E+02      3.48360E+01      2.21219E+02

