 0.108801E+02 0.167442E+03 0.335000E-03 0.000000E+00
 0.125223E+02 0.170857E+03 0.335000E-03 0.000000E+00
 0.145752E+02 0.173833E+03 0.335000E-03 0.000000E+00
 0.168333E+02 0.176307E+03 0.335000E-03 0.000000E+00
 0.195021E+02 0.177907E+03 0.335000E-03 0.000000E+00
 0.223760E+02 0.178728E+03 0.335000E-03 0.000000E+00
 0.258657E+02 0.178752E+03 0.335000E-03 0.000000E+00
 0.297662E+02 0.178128E+03 0.335000E-03 0.000000E+00
 0.340770E+02 0.176794E+03 0.335000E-03 0.000000E+00
 0.390041E+02 0.175547E+03 0.335000E-03 0.000000E+00
 0.449573E+02 0.173638E+03 0.335000E-03 0.000000E+00
 0.513213E+02 0.172485E+03 0.335000E-03 0.000000E+00
 0.587115E+02 0.170611E+03 0.335000E-03 0.000000E+00
 0.671281E+02 0.169812E+03 0.335000E-03 0.000000E+00
 0.765710E+02 0.168219E+03 0.335000E-03 0.000000E+00
 0.872458E+02 0.167970E+03 0.335000E-03 0.000000E+00
 0.995630E+02 0.166003E+03 0.335000E-03 0.000000E+00
 0.113112E+03 0.165318E+03 0.335000E-03 0.000000E+00
 0.128508E+03 0.163095E+03 0.335000E-03 0.000000E+00
 0.145957E+03 0.162992E+03 0.335000E-03 0.000000E+00
 0.165460E+03 0.160326E+03 0.335000E-03 0.000000E+00
 0.187220E+03 0.160351E+03 0.335000E-03 0.000000E+00
 0.211853E+03 0.158953E+03 0.335000E-03 0.000000E+00
 0.239567E+03 0.158907E+03 0.335000E-03 0.000000E+00
 0.270359E+03 0.157429E+03 0.335000E-03 0.000000E+00
 0.304642E+03 0.156333E+03 0.335000E-03 0.000000E+00
 0.343030E+03 0.156299E+03 0.335000E-03 0.000000E+00
 0.385935E+03 0.154877E+03 0.335000E-03 0.000000E+00
 0.433766E+03 0.155721E+03 0.335000E-03 0.000000E+00
 0.486730E+03 0.154344E+03 0.335000E-03 0.000000E+00
 0.545647E+03 0.155094E+03 0.335000E-03 0.000000E+00
 0.611133E+03 0.154166E+03 0.335000E-03 0.000000E+00
 0.683597E+03 0.154924E+03 0.335000E-03 0.000000E+00
 0.764069E+03 0.154785E+03 0.335000E-03 0.000000E+00
 0.852752E+03 0.155084E+03 0.335000E-03 0.000000E+00
 0.950877E+03 0.154856E+03 0.335000E-03 0.000000E+00
 0.105886E+04 0.155542E+03 0.335000E-03 0.000000E+00
 0.117792E+04 0.154739E+03 0.335000E-03 0.000000E+00
 0.130910E+04 0.155916E+03 0.335000E-03 0.000000E+00
 0.145300E+04 0.154951E+03 0.335000E-03 0.000000E+00
 0.161108E+04 0.155847E+03 0.335000E-03 0.000000E+00
 0.178413E+04 0.154309E+03 0.335000E-03 0.000000E+00
 0.197381E+04 0.155518E+03 0.335000E-03 0.000000E+00
 0.218115E+04 0.153643E+03 0.335000E-03 0.579039E-11
 0.240777E+04 0.154891E+03 0.335000E-03 0.188579E-10
 0.265472E+04 0.152901E+03 0.335000E-03 0.153296E-10
 0.292386E+04 0.152979E+03 0.335000E-03 0.203670E-10
 0.321661E+04 0.153155E+03 0.335000E-03 0.259251E-10
 0.353501E+04 0.152335E+03 0.335000E-03 0.231527E-10
 0.388050E+04 0.152361E+03 0.335000E-03 0.261303E-10
 0.425472E+04 0.151715E+03 0.335000E-03 0.233515E-10
 0.466016E+04 0.151633E+03 0.335000E-03 0.245548E-10
 0.509865E+04 0.150979E+03 0.335000E-03 0.212299E-10
 0.557183E+04 0.151431E+03 0.335000E-03 0.259199E-10
 0.608258E+04 0.150871E+03 0.335000E-03 0.226957E-10
 0.663233E+04 0.151477E+03 0.335000E-03 0.287033E-10
 0.722417E+04 0.151241E+03 0.335000E-03 0.275784E-10
 0.785972E+04 0.151904E+03 0.335000E-03 0.351386E-10
 0.854188E+04 0.152060E+03 0.335000E-03 0.379327E-10
 0.927290E+04 0.152720E+03 0.335000E-03 0.478135E-10
 0.100550E+05 0.153118E+03 0.335000E-03 0.552877E-10
 0.108916E+05 0.153673E+03 0.335000E-03 0.668812E-10
 0.117839E+05 0.154572E+03 0.335000E-03 0.894539E-10
 0.127356E+05 0.154879E+03 0.335000E-03 0.996557E-10
 0.137489E+05 0.156134E+03 0.335000E-03 0.146741E-09
 0.148260E+05 0.156317E+03 0.335000E-03 0.156766E-09
 0.159700E+05 0.157798E+03 0.335000E-03 0.243413E-09
 0.171832E+05 0.157969E+03 0.335000E-03 0.258264E-09
 0.184678E+05 0.159576E+03 0.335000E-03 0.409470E-09
 0.198263E+05 0.159685E+03 0.335000E-03 0.425635E-09
 0.212608E+05 0.161508E+03 0.335000E-03 0.705188E-09
 0.227741E+05 0.161481E+03 0.335000E-03 0.704975E-09
 0.243681E+05 0.163418E+03 0.335000E-03 0.118467E-08
 0.260451E+05 0.163390E+03 0.335000E-03 0.118288E-08
 0.278073E+05 0.165409E+03 0.335000E-03 0.199529E-08
 0.296539E+05 0.165411E+03 0.335000E-03 0.200601E-08
 0.315880E+05 0.167565E+03 0.335000E-03 0.343773E-08
 0.336129E+05 0.167551E+03 0.335000E-03 0.344085E-08
 0.357248E+05 0.169764E+03 0.335000E-03 0.587028E-08
 0.379298E+05 0.169749E+03 0.335000E-03 0.587052E-08
 0.402259E+05 0.172005E+03 0.335000E-03 0.993248E-08
 0.426129E+05 0.171988E+03 0.335000E-03 0.992378E-08
 0.450909E+05 0.174238E+03 0.335000E-03 0.164700E-07
 0.476600E+05 0.174259E+03 0.335000E-03 0.165874E-07
 0.503203E+05 0.176476E+03 0.335000E-03 0.268757E-07
 0.530694E+05 0.176596E+03 0.335000E-03 0.276299E-07
 0.559054E+05 0.178803E+03 0.335000E-03 0.439446E-07
 0.588306E+05 0.179127E+03 0.335000E-03 0.470565E-07
 0.618367E+05 0.181273E+03 0.335000E-03 0.727209E-07
 0.649258E+05 0.181995E+03 0.335000E-03 0.840118E-07
 0.680936E+05 0.184183E+03 0.335000E-03 0.128600E-06
 0.713365E+05 0.185505E+03 0.335000E-03 0.165396E-06
 0.746500E+05 0.188164E+03 0.335000E-03 0.270218E-06
 0.780324E+05 0.191805E+03 0.335000E-03 0.514496E-06
 0.814753E+05 0.195467E+03 0.335000E-03 0.953697E-06
 0.849771E+05 0.199035E+03 0.335000E-03 0.169353E-05
 0.885293E+05 0.202508E+03 0.335000E-03 0.289056E-05
 0.921299E+05 0.205889E+03 0.335000E-03 0.476092E-05
 0.957692E+05 0.208925E+03 0.335000E-03 0.732678E-05
 0.101300E+06 0.213686E+03 0.335000E-03 0.139755E-04
