 0.108801E+04 0.167161E+03 0.500000E+00 0.000000E+00
 0.125223E+04 0.143482E+03 0.500000E+00 0.000000E+00
 0.145752E+04 0.143805E+03 0.500000E+00 0.000000E+00
 0.168333E+04 0.161275E+03 0.500000E+00 0.000000E+00
 0.195021E+04 0.148521E+03 0.500000E+00 0.000000E+00
 0.223760E+04 0.151711E+03 0.500000E+00 0.000000E+00
 0.258657E+04 0.151316E+03 0.500000E+00 0.000000E+00
 0.297662E+04 0.161629E+03 0.500000E+00 0.000000E+00
 0.340770E+04 0.144811E+03 0.500000E+00 0.000000E+00
 0.390041E+04 0.161190E+03 0.500000E+00 0.000000E+00
 0.449573E+04 0.155423E+03 0.500000E+00 0.000000E+00
 0.513213E+04 0.151817E+03 0.500000E+00 0.000000E+00
 0.587115E+04 0.162884E+03 0.500000E+00 0.000000E+00
 0.671281E+04 0.150360E+03 0.500000E+00 0.000000E+00
 0.765710E+04 0.163913E+03 0.500000E+00 0.000000E+00
 0.872458E+04 0.151109E+03 0.500000E+00 0.000000E+00
 0.995630E+04 0.167127E+03 0.500000E+00 0.000000E+00
 0.113112E+05 0.150550E+03 0.500000E+00 0.000000E+00
 0.128508E+05 0.165404E+03 0.500000E+00 0.000000E+00
 0.145957E+05 0.159611E+03 0.500000E+00 0.000000E+00
 0.165460E+05 0.159507E+03 0.500000E+00 0.000000E+00
 0.187220E+05 0.165038E+03 0.500000E+00 0.000000E+00
 0.211853E+05 0.155648E+03 0.500000E+00 0.000000E+00
 0.239567E+05 0.170559E+03 0.500000E+00 0.000000E+00
 0.270359E+05 0.154431E+03 0.500000E+00 0.000000E+00
 0.304642E+05 0.164273E+03 0.500000E+00 0.000000E+00
 0.343030E+05 0.165261E+03 0.500000E+00 0.000000E+00
 0.385935E+05 0.155860E+03 0.500000E+00 0.000000E+00
 0.433766E+05 0.170031E+03 0.500000E+00 0.000000E+00
 0.486730E+05 0.153869E+03 0.500000E+00 0.000000E+00
 0.545647E+05 0.167028E+03 0.500000E+00 0.000000E+00
 0.611133E+05 0.162252E+03 0.500000E+00 0.000000E+00
 0.683597E+05 0.158556E+03 0.500000E+00 0.000000E+00
 0.764069E+05 0.168499E+03 0.500000E+00 0.000000E+00
 0.852752E+05 0.157218E+03 0.500000E+00 0.000000E+00
 0.950877E+05 0.170428E+03 0.500000E+00 0.000000E+00
 0.105886E+06 0.164132E+03 0.500000E+00 0.000000E+00
 0.117792E+06 0.167056E+03 0.500000E+00 0.000000E+00
 0.130910E+06 0.171500E+03 0.500000E+00 0.000000E+00
 0.145300E+06 0.166904E+03 0.500000E+00 0.000000E+00
 0.161108E+06 0.179429E+03 0.500000E+00 0.000000E+00
 0.178413E+06 0.168575E+03 0.500000E+00 0.000000E+00
 0.197381E+06 0.175709E+03 0.500000E+00 0.000000E+00
 0.218115E+06 0.179129E+03 0.500000E+00 0.346833E-09
 0.240777E+06 0.172601E+03 0.500000E+00 0.189842E-09
 0.265472E+06 0.184444E+03 0.500000E+00 0.329908E-08
 0.292386E+06 0.170926E+03 0.500000E+00 0.250714E-09
 0.321661E+06 0.182056E+03 0.500000E+00 0.324912E-08
 0.353501E+06 0.182623E+03 0.500000E+00 0.418703E-08
 0.388050E+06 0.172677E+03 0.500000E+00 0.582040E-09
 0.425472E+06 0.183843E+03 0.500000E+00 0.650528E-08
 0.466016E+06 0.183154E+03 0.500000E+00 0.614720E-08
 0.509865E+06 0.172108E+03 0.500000E+00 0.645226E-09
 0.557183E+06 0.182094E+03 0.500000E+00 0.562716E-08
 0.608258E+06 0.187019E+03 0.500000E+00 0.150355E-07
 0.663233E+06 0.173504E+03 0.500000E+00 0.101794E-08
 0.722417E+06 0.180236E+03 0.500000E+00 0.439482E-08
 0.785972E+06 0.190463E+03 0.500000E+00 0.310467E-07
 0.854188E+06 0.179814E+03 0.500000E+00 0.427772E-08
 0.927290E+06 0.181302E+03 0.500000E+00 0.590920E-08
 0.100550E+07 0.191123E+03 0.500000E+00 0.374810E-07
 0.108916E+07 0.187852E+03 0.500000E+00 0.213681E-07
 0.117839E+07 0.187360E+03 0.500000E+00 0.198733E-07
 0.127356E+07 0.190265E+03 0.500000E+00 0.339756E-07
 0.137489E+07 0.197261E+03 0.500000E+00 0.111608E-06
 0.148260E+07 0.192723E+03 0.500000E+00 0.533704E-07
 0.159700E+07 0.198710E+03 0.500000E+00 0.143924E-06
 0.171832E+07 0.202109E+03 0.500000E+00 0.245684E-06
 0.184678E+07 0.200488E+03 0.500000E+00 0.193627E-06
 0.198263E+07 0.209097E+03 0.500000E+00 0.688311E-06
 0.212608E+07 0.205505E+03 0.500000E+00 0.416616E-06
 0.227741E+07 0.213845E+03 0.500000E+00 0.132663E-05
 0.243681E+07 0.213115E+03 0.500000E+00 0.121245E-05
 0.260451E+07 0.215825E+03 0.500000E+00 0.173707E-05
 0.278073E+07 0.223766E+03 0.500000E+00 0.463592E-05
 0.296539E+07 0.221168E+03 0.500000E+00 0.341703E-05
 0.315880E+07 0.228613E+03 0.500000E+00 0.815714E-05
 0.336129E+07 0.236149E+03 0.500000E+00 0.184010E-04
 0.357248E+07 0.243540E+03 0.500000E+00 0.385458E-04
 0.379298E+07 0.250805E+03 0.500000E+00 0.758075E-04
 0.402259E+07 0.257933E+03 0.500000E+00 0.140916E-03
 0.426129E+07 0.264925E+03 0.500000E+00 0.249164E-03
 0.450909E+07 0.271781E+03 0.500000E+00 0.421414E-03
 0.476600E+07 0.278502E+03 0.500000E+00 0.685053E-03
 0.503203E+07 0.285090E+03 0.500000E+00 0.107484E-02
 0.530694E+07 0.291541E+03 0.500000E+00 0.163303E-02
 0.559054E+07 0.297856E+03 0.500000E+00 0.240982E-02
 0.588306E+07 0.304042E+03 0.500000E+00 0.346498E-02
 0.618367E+07 0.310086E+03 0.500000E+00 0.486224E-02
 0.649258E+07 0.315999E+03 0.500000E+00 0.667619E-02
 0.680936E+07 0.321777E+03 0.500000E+00 0.898462E-02
 0.713365E+07 0.327420E+03 0.500000E+00 0.118701E-01
 0.746500E+07 0.332926E+03 0.500000E+00 0.154170E-01
 0.780324E+07 0.338301E+03 0.500000E+00 0.197142E-01
 0.814753E+07 0.343538E+03 0.500000E+00 0.248414E-01
 0.849771E+07 0.348642E+03 0.500000E+00 0.308852E-01
 0.885293E+07 0.353609E+03 0.500000E+00 0.379164E-01
 0.921299E+07 0.358444E+03 0.500000E+00 0.460121E-01
 0.957692E+07 0.362894E+03 0.500000E+00 0.547014E-01
 0.101300E+08 0.369703E+03 0.500000E+00 0.706354E-01
