 0.108801E+02 0.169479E+03 0.335000E-03 0.000000E+00
 0.125223E+02 0.172840E+03 0.335000E-03 0.000000E+00
 0.145752E+02 0.175987E+03 0.335000E-03 0.000000E+00
 0.168333E+02 0.178407E+03 0.335000E-03 0.000000E+00
 0.195021E+02 0.180210E+03 0.335000E-03 0.000000E+00
 0.223760E+02 0.180960E+03 0.335000E-03 0.000000E+00
 0.258657E+02 0.181214E+03 0.335000E-03 0.000000E+00
 0.297662E+02 0.180418E+03 0.335000E-03 0.000000E+00
 0.340770E+02 0.179515E+03 0.335000E-03 0.000000E+00
 0.390041E+02 0.178276E+03 0.335000E-03 0.000000E+00
 0.449573E+02 0.176887E+03 0.335000E-03 0.000000E+00
 0.513213E+02 0.175647E+03 0.335000E-03 0.000000E+00
 0.587115E+02 0.174502E+03 0.335000E-03 0.000000E+00
 0.671281E+02 0.173957E+03 0.335000E-03 0.000000E+00
 0.765710E+02 0.172552E+03 0.335000E-03 0.000000E+00
 0.872458E+02 0.172681E+03 0.335000E-03 0.000000E+00
 0.995630E+02 0.170775E+03 0.335000E-03 0.000000E+00
 0.113112E+03 0.170703E+03 0.335000E-03 0.000000E+00
 0.128508E+03 0.168510E+03 0.335000E-03 0.000000E+00
 0.145957E+03 0.168830E+03 0.335000E-03 0.000000E+00
 0.165460E+03 0.166142E+03 0.335000E-03 0.000000E+00
 0.187220E+03 0.167023E+03 0.335000E-03 0.000000E+00
 0.211853E+03 0.164962E+03 0.335000E-03 0.000000E+00
 0.239567E+03 0.165841E+03 0.335000E-03 0.000000E+00
 0.270359E+03 0.164186E+03 0.335000E-03 0.000000E+00
 0.304642E+03 0.164405E+03 0.335000E-03 0.000000E+00
 0.343030E+03 0.163678E+03 0.335000E-03 0.000000E+00
 0.385935E+03 0.163816E+03 0.335000E-03 0.000000E+00
 0.433766E+03 0.163919E+03 0.335000E-03 0.000000E+00
 0.486730E+03 0.164236E+03 0.335000E-03 0.000000E+00
 0.545647E+03 0.164224E+03 0.335000E-03 0.000000E+00
 0.611133E+03 0.164954E+03 0.335000E-03 0.000000E+00
 0.683597E+03 0.164510E+03 0.335000E-03 0.000000E+00
 0.764069E+03 0.166334E+03 0.335000E-03 0.000000E+00
 0.852752E+03 0.165614E+03 0.335000E-03 0.000000E+00
 0.950877E+03 0.166840E+03 0.335000E-03 0.000000E+00
 0.105886E+04 0.166794E+03 0.335000E-03 0.000000E+00
 0.117792E+04 0.167091E+03 0.335000E-03 0.000000E+00
 0.130910E+04 0.167655E+03 0.335000E-03 0.000000E+00
 0.145300E+04 0.167591E+03 0.335000E-03 0.000000E+00
 0.161108E+04 0.168419E+03 0.335000E-03 0.000000E+00
 0.178413E+04 0.167558E+03 0.335000E-03 0.000000E+00
 0.197381E+04 0.168588E+03 0.335000E-03 0.000000E+00
 0.218115E+04 0.167710E+03 0.335000E-03 0.000000E+00
 0.240777E+04 0.168633E+03 0.335000E-03 0.000000E+00
 0.265472E+04 0.167673E+03 0.335000E-03 0.000000E+00
 0.292386E+04 0.167948E+03 0.335000E-03 0.000000E+00
 0.321661E+04 0.168251E+03 0.335000E-03 0.000000E+00
 0.353501E+04 0.167956E+03 0.335000E-03 0.000000E+00
 0.388050E+04 0.168137E+03 0.335000E-03 0.000000E+00
 0.425472E+04 0.168111E+03 0.335000E-03 0.000000E+00
 0.466016E+04 0.168110E+03 0.335000E-03 0.000000E+00
 0.509865E+04 0.168258E+03 0.335000E-03 0.000000E+00
 0.557183E+04 0.168434E+03 0.335000E-03 0.000000E+00
 0.608258E+04 0.168757E+03 0.335000E-03 0.000000E+00
 0.663233E+04 0.168946E+03 0.335000E-03 0.000000E+00
 0.722417E+04 0.169586E+03 0.335000E-03 0.000000E+00
 0.785972E+04 0.169858E+03 0.335000E-03 0.000000E+00
 0.854188E+04 0.170648E+03 0.335000E-03 0.000000E+00
 0.927290E+04 0.171020E+03 0.335000E-03 0.000000E+00
 0.100550E+05 0.171783E+03 0.335000E-03 0.000000E+00
 0.108916E+05 0.172174E+03 0.335000E-03 0.000000E+00
 0.117839E+05 0.173097E+03 0.335000E-03 0.000000E+00
 0.127356E+05 0.173645E+03 0.335000E-03 0.000000E+00
 0.137489E+05 0.174505E+03 0.335000E-03 0.000000E+00
 0.148260E+05 0.175293E+03 0.335000E-03 0.000000E+00
 0.159700E+05 0.176190E+03 0.335000E-03 0.000000E+00
 0.171832E+05 0.177080E+03 0.335000E-03 0.000000E+00
 0.184678E+05 0.177954E+03 0.335000E-03 0.000000E+00
 0.198263E+05 0.178892E+03 0.335000E-03 0.000000E+00
 0.212608E+05 0.179777E+03 0.335000E-03 0.000000E+00
 0.227741E+05 0.180703E+03 0.335000E-03 0.000000E+00
 0.243681E+05 0.181550E+03 0.335000E-03 0.000000E+00
 0.260451E+05 0.182404E+03 0.335000E-03 0.000000E+00
 0.278073E+05 0.183241E+03 0.335000E-03 0.000000E+00
 0.296539E+05 0.184080E+03 0.335000E-03 0.000000E+00
 0.315880E+05 0.184902E+03 0.335000E-03 0.000000E+00
 0.336129E+05 0.185721E+03 0.335000E-03 0.000000E+00
 0.357248E+05 0.186504E+03 0.335000E-03 0.000000E+00
 0.379298E+05 0.187282E+03 0.335000E-03 0.000000E+00
 0.402259E+05 0.188030E+03 0.335000E-03 0.000000E+00
 0.426129E+05 0.188768E+03 0.335000E-03 0.000000E+00
 0.450909E+05 0.189476E+03 0.335000E-03 0.000000E+00
 0.476600E+05 0.190141E+03 0.335000E-03 0.000000E+00
 0.503203E+05 0.190861E+03 0.335000E-03 0.000000E+00
 0.530694E+05 0.191448E+03 0.335000E-03 0.000000E+00
 0.559054E+05 0.192217E+03 0.335000E-03 0.000000E+00
 0.588306E+05 0.192751E+03 0.335000E-03 0.000000E+00
 0.618367E+05 0.193622E+03 0.335000E-03 0.000000E+00
 0.649258E+05 0.194035E+03 0.335000E-03 0.000000E+00
 0.680936E+05 0.195160E+03 0.335000E-03 0.000000E+00
 0.713365E+05 0.195389E+03 0.335000E-03 0.000000E+00
 0.746500E+05 0.196871E+03 0.335000E-03 0.000000E+00
 0.780324E+05 0.196991E+03 0.335000E-03 0.000000E+00
 0.814753E+05 0.198830E+03 0.335000E-03 0.000000E+00
 0.849771E+05 0.199036E+03 0.335000E-03 0.000000E+00
 0.885293E+05 0.201293E+03 0.335000E-03 0.000000E+00
 0.921299E+05 0.202059E+03 0.335000E-03 0.000000E+00
 0.957692E+05 0.205285E+03 0.335000E-03 0.000000E+00
 0.101300E+06 0.209959E+03 0.335000E-03 0.000000E+00
