   9.9999997473787525E-007   7.8447309265650134E-005   0.0000000000000000        128.49874662607908     
   1.9999999949504854E-006   7.8447309265650134E-005   0.0000000000000000        128.49874662607908     
   8.3001999667994944E-002  0.48267233181874758        0.0000000000000000        128.49875340610743     
   9.6001999615994954E-002  0.52396424780911843        0.0000000000000000        128.49875441938639     
  0.11050199955799496       0.56316971738925758        0.0000000000000000        128.49875465780497     
  0.12750199948999497       0.60765623974194227        0.0000000000000000        128.50275761634111     
  0.14650199941399497       0.65532437791608800        0.0000000000000000        128.50275928527117     
  0.16850199932599497       0.70790142281919088        0.0000000000000000        128.50889984518290     
  0.19300199922799496       0.76326551745250981        0.0000000000000000        128.51290247589350     
  0.22150199911399493       0.82384303457629926        0.0000000000000000        128.51290560513735     
  0.25350199898599496       0.88738362214826338        0.0000000000000000        128.52169848233461     
  0.29000199883999495       0.95475951727232200        0.0000000000000000        128.52883762121201     
  0.33150199867399494        1.0255773132267620        0.0000000000000000        128.52884263545275     
  0.37800199848799498        1.0985627722583615        0.0000000000000000        128.52884817868471     
  0.43100199827599495        1.1747245919300120        0.0000000000000000        128.54377759248018     
  0.49100199803599492        1.2532235352813075        0.0000000000000000        128.54378570616245     
  0.55850199776599496        1.3332139090436073        0.0000000000000000        128.55401835590601     
  0.63450199746199498        1.4143914350195530        0.0000000000000000        128.55767692625523     
  0.72000199711999502        1.4962911555724929        0.0000000000000000        128.56957235187292     
  0.81650199673399504        1.5787469910484617        0.0000000000000000        128.57459699362516     
  0.92450199630199492        1.6606420689298886        0.0000000000000000        128.60000231117010     
   1.0460019958159950        1.7502636697085165        0.0000000000000000        128.62626981735229     
   1.1820019952719951        1.8657342364722567        0.0000000000000000        128.66494601219893     
   1.3340019946639949        1.9947855964003196        0.0000000000000000        128.66832774132490     
   1.5040019939839948        2.1272387363316199        0.0000000000000000        128.71302810311317     
   1.6935019932259947        2.2562577520742195        0.0000000000000000        128.71867683529854     
   1.9050019923799950        2.3795748737659892        0.0000000000000000        128.72344596683979     
   2.1405019914379948        2.4971292247464305        0.0000000000000000        128.83718438446522     
   2.4025019903899949        2.6103402365927906        0.0000000000000000        128.83737368881702     
   2.6935019892259953        2.7206881968869681        0.0000000000000000        128.86760337650776     
   3.0165019879339949        2.8294155607495881        0.0000000000000000        128.88995274156332     
   3.3745019865019947        2.9372564241651560        0.0000000000000000        128.90729770809412     
   3.7710019849159950        3.0447043121378297        0.0000000000000000        129.00484282523394     
   4.2090019831639953        3.1518573822263534        0.0000000000000000        129.02223222702742     
   4.6930019812279955        3.2590103415464640        0.0000000000000000        129.06170703470707     
   5.2265019790939951        3.3660790944846752        0.0000000000000000        129.09596351534128     
   5.8140019767439943        3.4731012132719314        0.0000000000000000        129.13465629518032     
   6.4610019741559945        3.5801860955679530        0.0000000000000000        129.15809327363968     
   7.1715019713139956        3.6870963395919460        0.0000000000000000        129.19227044284344     
   7.9515019681939956        3.7938586637549605        0.0000000000000000        129.22417715936899     
   8.8065019647739948        3.9003424267118731        0.0000000000000000        129.25714493542910     
   9.7425019610299941        4.0064226420165880        0.0000000000000000        129.37089831382036     
   10.765501956937996        4.1228252133106622        0.0000000000000000        129.40633375197649     
   11.884001952463995        4.2534143082546478        0.0000000000000000        129.50267516076565     
   13.103001947587995        4.3932769664736213        0.0000000000000000        129.52374151349068     
   14.432001942271995        4.5384929207688742        0.0000000000000000        129.65297570824623     
   15.877001936491993        4.6853792017777920        0.0000000000000000        129.77049021422863     
   17.448501930205992        4.8314241019384507        0.0000000000000000        129.86080930382013     
   19.153001923387993        4.9743502975384075        0.0000000000000000        129.96963974833488     
   21.001001915995992        5.1128556320607004        0.0000000000000000        130.13122765719891     
   23.002001907992000        5.2460255168619767        0.0000000000000000        130.29942237585783     
   25.166001899335996        5.3734029072953149        0.0000000000000000        130.41906145960093     
   27.502001889991995        5.4948102581995499        0.0000000000000000        130.53688050806522     
   30.022501879909996        5.6105282396732150        0.0000000000000000        130.72206384688616     
   32.736501869053996        5.7208626699698470        0.0000000000000000        130.78793144971132     
   35.657001857371995        5.8264311561010231        0.0000000000000000        131.15900459885597     
   38.794001844823995        5.9278228789348759        0.0000000000000000        131.21527762711048     
   42.161001831355989        6.0257991310722900        0.0000000000000000        131.54023340344429     
   45.769501816921995        6.1210716542914270        0.0000000000000000        131.62566508352757     
   49.630501801477998        6.2143319917657891        0.0000000000000000        131.94097669422626     
   53.758501784965993        6.3102367329715889        0.0000000000000000        132.46440902352333     
   58.163501767345998        6.4098641327376527        0.0000000000000000        132.76991122215986     
   62.861501748553998        6.5131186603734932        0.0000000000000000        133.30799018591642     
   67.862001728552002        6.6199527404544369        0.0000000000000000        133.40824671834707     
   73.179001707283987        6.7305156410877771        0.0000000000000000        133.87028615176678     
   78.825001684699998        6.8813932106754692        0.0000000000000000        134.46092700958252     
   84.813001660748000        7.0993858499277849        0.0000000000000000        135.13476055115461     
   91.154501635381990        7.3434000227125580        0.0000000000000000        135.73190544545650     
   97.860001608559998        7.6002883490316435        0.0000000000000000        136.83533944189548     
   104.94050158023802        7.8771322112615962        0.0000000000000000        138.52554834634066     
   112.40900155036400        8.5538502342446918        0.0000000000000000        140.37728078663349     
   120.27700151889199        9.3863706825004556        0.0000000000000000        141.65914689749479     
   128.55450148578200        10.340532753010848        0.0000000000000000        143.07606234401464     
   137.25150145099400        11.485260194454895        0.0000000000000000        144.47042011469603     
   146.36750141453001        12.833615068215295        0.0000000000000000        146.17288094758987     
   155.91300137634801        14.377111881913152        0.0000000000000000        147.73742292076349     
   165.90800133636799        16.131057726626750        0.0000000000000000        149.39070684462786     
   176.33200129467198        18.100507395109162        0.0000000000000000        151.14549008011818     
   187.21550125113797        20.303880332969129        0.0000000000000000        153.25489089637995     
   198.54800120580799        22.758743805810809        0.0000000000000000        155.14096553623676     
   210.33050115867800        25.497743634972721        0.0000000000000000        157.29064612835646     
   222.56150110975398        28.549728070851415        0.0000000000000000        159.64075942337513     
   235.24250105902999        31.936606971547008        0.0000000000000000        161.89663436263800     
   248.37250100650999        35.704411320388317        0.0000000000000000        164.29387696832418     
   261.94200095223198        39.880150577053428        0.0000000000000000        167.03963187336922     
   275.94050089623795        44.471656141802669        0.0000000000000000        169.64246438443661     
   290.37850083848599        49.606718042865396        0.0000000000000000        172.48419657349586     
   305.21600077913598        55.443656561896205        0.0000000000000000        175.43323911726475     
   320.46300071814801        61.896238226443529        0.0000000000000000        178.67411902546883     
   336.09900065560396        68.889337431639433        0.0000000000000000        181.98006975650787     
   352.10500059158005        76.346277184784412        0.0000000000000000        185.42685642838478     
   368.46000052616000        84.198263518512249        0.0000000000000000        189.04826077818871     
   385.15450045938201        92.365105159580708        0.0000000000000000        192.74909529089928     
   402.14850039140600        100.72927594929934        0.0000000000000000        196.43120187520981     
   419.43250032227002        109.20662276446819        0.0000000000000000        200.12280647456646     
   436.96600025213610        117.72223702818155        0.0000000000000000        203.79839810729027     
   454.73900018104393        126.20714774727821        0.0000000000000000        207.34801733493805     
   472.70150010919400        134.60115672647953        0.0000000000000000        210.73454037308693     
   500.00000000000000        147.43858088552952        0.0000000000000000        214.43337306380272     
