   9.9999997473787525E-007   219.25318354368210        219.25242500007153        25.491717253358729     
   1.9999999949504854E-006   219.25199460983276        219.23807840049267        25.490299795301326     
   8.3001999667994944E-002   219.08995280414820        219.06264980137348        25.488361127313738     
   9.6001999615994954E-002   219.07443314045668        219.04577042162418        25.488196816103027     
  0.11050199955799496        219.06348346173763        219.03223251551390        25.488546639550805     
  0.12750199948999497        219.05074994266033        219.01712546497583        25.488101671873210     
  0.14650199941399497        219.03712956607342        219.00104591995478        25.487948038839022     
  0.16850199932599497        219.02244529873133        218.98348271846771        25.487165418639961     
  0.19300199922799496        219.00785423815250        218.96506721526384        25.486810580493966     
  0.22150199911399493        218.99218386411667        218.94475386291742        25.486361306580875     
  0.25350199898599496        218.97563878446817        218.92322231084108        25.485621662878657     
  0.29000199883999495        218.95867167413235        218.89983347058296        25.485093796312867     
  0.33150199867399494        218.93957283347845        218.87451933324337        25.483737268252753     
  0.37800199848799498        218.92067263275385        218.84728809446096        25.483142035372566     
  0.43100199827599495        218.89922742545605        218.81746850162745        25.482290612514589     
  0.49100199803599492        218.87642369419336        218.78483101725578        25.480811863271811     
  0.55850199776599496        218.85201937705278        218.74932757765055        25.479889661180550     
  0.63450199746199498        218.82495640963316        218.71051539480686        25.478215304062815     
  0.72000199711999502        218.79707235842943        218.66814557462931        25.477205747147309     
  0.81650199673399504        218.76613626629114        218.62164318561554        25.474692228656295     
  0.92450199630199492        218.73194127902389        218.57103859260678        25.473134872371929     
   1.0460019958159950        218.69430257007480        218.51408787816763        25.470753682353006     
   1.1820019952719951        218.64914092421532        218.44671870768070        25.468704520940491     
   1.3340019946639949        218.59704178944230        218.36946596577764        25.466429849787119     
   1.5040019939839948        218.53830426186323        218.28297456353903        25.463852878560829     
   1.6935019932259947        218.47486406937242        218.18818873539567        25.461781574149882     
   1.9050019923799950        218.40573572739959        218.08565730974078        25.458864858281459     
   2.1405019914379948        218.33454479649663        217.97592709958553        25.455662396262596     
   2.4025019903899949        218.26086249202490        217.85926837846637        25.453192704472485     
   2.6935019892259953        218.18370717018843        217.73562638834119        25.449000029827175     
   3.0165019879339949        218.10447531938553        217.60464336350560        25.444586650962037     
   3.3745019865019947        218.02261940762401        217.46572171896696        25.439469843814095     
   3.7710019849159950        217.93909308314323        217.31805343180895        25.433718338579865     
   4.2090019831639953        217.85186548903584        217.16088581085205        25.428083379646523     
   4.6930019812279955        217.76007355749607        216.99294486269355        25.420622264221265     
   5.2265019790939951        217.66486568376422        216.81338431499898        25.412184909527014     
   5.8140019767439943        217.56374395452440        216.62100243568420        25.403327217842161     
   6.4610019741559945        217.45854186639190        216.41436798684299        25.392977302688450     
   7.1715019713139956        217.34577267616987        216.19259577244520        25.381584888215230     
   7.9515019681939956        217.22735244035721        215.95428868941963        25.368982130829636     
   8.8065019647739948        217.10227040573955        215.69829474762082        25.354314974065801     
   9.7425019610299941        216.96914097294211        215.42345413193107        25.339844624985517     
   10.765501956937996        216.82477880083025        215.12489776313305        25.321730456773366     
   11.884001952463995        216.66617596894503        214.79939502291381        25.300648941355576     
   13.103001947587995        216.49350654147565        214.44779881648719        25.281619811803921     
   14.432001942271995        216.30959486961365        214.06977761536837        25.255669553741882     
   15.877001936491993        216.11418022867292        213.66611768491566        25.229975973157707     
   17.448501930205992        215.90862799715251        213.23637671023607        25.198745841605614     
   19.153001923387993        215.69321933202446        212.78123360686004        25.165420845858534     
   21.001001915995992        215.46914892084897        212.30025246925652        25.124252988325225     
   23.002001907992000        215.23556074127555        211.79322241898626        25.076763176825807     
   25.166001899335996        214.99236543057486        211.25978494109586        25.023929462239721     
   27.502001889991995        214.74104882963002        210.69977292697877        24.970432865351540     
   30.022501879909996        214.47987948311493        210.11220095399767        24.904863286536965     
   32.736501869053996        214.21106596570462        209.49695607507601        24.832830301563263     
   35.657001857371995        213.93142754142173        208.85308846295811        24.754893235849522     
   38.794001844823995        213.64092501532286        208.18046325305477        24.666220924430490     
   42.161001831355989        213.33951354096644        207.47830615122803        24.566933814097865     
   45.769501816921995        213.02812868985347        206.74641265091486        24.458353006611105     
   49.630501801477998        212.70298607798759        205.98479346791282        24.341821675495339     
   53.758501784965993        212.36182258150075        205.19000224862248        24.209152551963598     
   58.163501767345998        212.00405159825459        204.36220912111457        24.062743663871515     
   62.861501748553998        211.62888107995968        203.50159564276692        23.901832985944566     
   67.862001728552002        211.23453683836851        202.60956110025290        23.726486437386484     
   73.179001707283987        210.82500980212353        201.68667124590138        23.534329635085669     
   78.825001684699998        210.39622663566843        200.73337053903379        23.324533218692522     
   84.813001660748000        209.94636927638203        199.74992783210473        23.096367453315906     
   91.154501635381990        209.47748442494776        198.73763265606249        22.852919423390631     
   97.860001608559998        208.98650277440902        197.69804018817376        22.583489258486225     
   104.94050158023802        208.46886537363753        196.62793574348325        22.292321570176682     
   112.40900155036400        207.91693720978219        195.52044882142218        21.981334321004397     
   120.27700151889199        207.33368655666709        194.37927285960177        21.643035411461824     
   128.55450148578200        206.71653079753742        193.20900124544278        21.279214725927886     
   137.25150145099400        206.06791734916624        192.01052285934566        20.892834248395957     
   146.36750141453001        205.39215751027223        190.79203314433107        20.474668098915572     
   155.91300137634801        204.69814858422615        189.56464801036054        20.028312105574514     
   165.90800133636799        204.00007097981870        188.34332279308001        19.550693353263341     
   176.33200129467198        203.29554403619841        187.12951291684294        19.041353760387210     
   187.21550125113797        202.55146826629061        185.89396367600420        18.503894197765476     
   198.54800120580799        201.77126081893221        184.63930738228373        17.931359822026934     
   210.33050115867800        200.94943568570307        183.36614250770072        17.327224472790476     
   222.56150110975398        200.08714634782518        182.07444959082932        16.689906106190392     
   235.24250105902999        199.18014163427142        180.76409628344845        16.019492675231959     
   248.37250100650999        198.22587246886178        179.43500514736297        15.314471130786842     
   261.94200095223198        197.22255775491249        178.08577522174346        14.575398311055324     
   275.94050089623795        196.16589330431452        176.71416402275054        13.807318257888255     
   290.37850083848599        195.04744130785093        175.31348260172990        13.000582700586165     
   305.21600077913598        193.86070746247879        173.88005590360945        12.163296266846373     
   320.46300071814801        192.60260028951598        172.41054323301077        11.289953224120836     
   336.09900065560396        191.27890469506019        170.91182381159521        10.383707356217201     
   352.10500059158005        189.88745987361108        169.38456695363220        9.4472823005307873     
   368.46000052616000        188.42764332679690        167.82797535815888        8.4767542558965943     
   385.15450045938201        186.89645216548706        166.23981055810245        7.4748022773828779     
   402.14850039140600        185.29441157899419        164.62192953046232        6.4425580209153850     
   419.43250032227002        183.62039018672658        162.97448829357748        5.3795144363721192     
   436.96600025213610        181.87800118302039        161.30150481144665        4.2870768157954444     
   454.73900018104393        180.06741150095331        159.60560422408162        3.1631386037047378     
   472.70150010919400        178.19352486512798        157.89393696590560        2.0074288992141192     
   500.00000000000000        175.21398059491912        155.26941164612072       0.18999803712741364     
