   9.9999997473787525E-007   219.25266109406948        219.25242500007153        25.493760855310029     
   1.9999999949504854E-006   219.25141684710979        219.23807840049267        25.492176414840287     
   8.3001999667994944E-002   219.09041523188353        219.06264980137348        25.490297560392037     
   9.6001999615994954E-002   219.07492754608393        219.04577042162418        25.489984829664991     
  0.11050199955799496        219.06403671205044        219.03223251551390        25.490286616396588     
  0.12750199948999497        219.05122813582420        219.01712546497583        25.489766485570271     
  0.14650199941399497        219.03742875158787        219.00104591995478        25.489591134486545     
  0.16850199932599497        219.02252941578627        218.98348271846771        25.488464850323908     
  0.19300199922799496        219.00801599025726        218.96506721526384        25.488363162493897     
  0.22150199911399493        218.99282811582088        218.94475386291742        25.487967802065668     
  0.25350199898599496        218.97579666227102        218.92322231084108        25.487098663780671     
  0.29000199883999495        218.95816358923912        218.89983347058296        25.486318071003552     
  0.33150199867399494        218.94001419842243        218.87451933324337        25.485521246394001     
  0.37800199848799498        218.92148301005363        218.84728809446096        25.484850980502415     
  0.43100199827599495        218.89918538928032        218.81746850162745        25.483423006549401     
  0.49100199803599492        218.87659785151482        218.78483101725578        25.481992114961940     
  0.55850199776599496        218.85140791535378        218.74932757765055        25.480885519646563     
  0.63450199746199498        218.82401082664728        218.71051539480686        25.479658002652741     
  0.72000199711999502        218.79667520523071        218.66814557462931        25.480268296722670     
  0.81650199673399504        218.76556454598904        218.62164318561554        25.477892464761908     
  0.92450199630199492        218.73097017034888        218.57103859260678        25.476243413038446     
   1.0460019958159950        218.69432647153735        218.51408787816763        25.474398737742831     
   1.1820019952719951        218.64834406971931        218.44671870768070        25.471621470107266     
   1.3340019946639949        218.59617133811116        218.36946596577764        25.470149346630024     
   1.5040019939839948        218.53716971725225        218.28297456353903        25.467523070844663     
   1.6935019932259947        218.47542289271951        218.18818873539567        25.466275416830058     
   1.9050019923799950        218.40620834752917        218.08565730974078        25.462454503417121     
   2.1405019914379948        218.33442506566644        217.97592709958553        25.459204022695531     
   2.4025019903899949        218.26110411435366        217.85926837846637        25.456992222168083     
   2.6935019892259953        218.18355140835047        217.73562638834119        25.452993077368774     
   3.0165019879339949        218.10384820401669        217.60464336350560        25.447514051586950     
   3.3745019865019947        218.02246339246631        217.46572171896696        25.442195191943711     
   3.7710019849159950        217.93865837156773        217.31805343180895        25.435856874117917     
   4.2090019831639953        217.85173730924726        217.16088581085205        25.429681804417896     
   4.6930019812279955        217.75920952856541        216.99294486269355        25.422238952425005     
   5.2265019790939951        217.66557769104838        216.81338431499898        25.413760972734281     
   5.8140019767439943        217.56467892788351        216.62100243568420        25.404841052760048     
   6.4610019741559945        217.45901299640536        216.41436798684299        25.393273304381182     
   7.1715019713139956        217.34627548605204        216.19259577244520        25.382372273862529     
   7.9515019681939956        217.22808988392353        215.95428868941963        25.368804896823121     
   8.8065019647739948        217.10247704014182        215.69829474762082        25.353654054641083     
   9.7425019610299941        216.96910158917308        215.42345413193107        25.339071619037441     
   10.765501956937996        216.82507722638547        215.12487515807152        25.321152631362565     
   11.884001952463995        216.66573613137007        214.79931855015457        25.299955506380684     
   13.103001947587995        216.49346241913736        214.44763950817287        25.280962390440436     
   14.432001942271995        216.31067068874836        214.06950653344393        25.254977648743079     
   15.877001936491993        216.11490637715906        213.66570860333741        25.228591735069585     
   17.448501930205992        215.90872554015368        213.23580368608236        25.197203327550596     
   19.153001923387993        215.69374012760818        212.78047244064510        25.163349993516476     
   21.001001915995992        215.46839420683682        212.29928083904088        25.121868366331910     
   23.002001907992000        215.23454416915774        211.79201916512102        25.074646090793067     
   25.166001899335996        214.99158013937995        211.25833254726604        25.022018748756636     
   27.502001889991995        214.73996337689459        210.69805531483144        24.967974727798719     
   30.022501879909996        214.47826428664848        210.11020314041525        24.901654279822651     
   32.736501869053996        214.20907961856574        209.49466657871380        24.829583282955355     
   35.657001857371995        213.92859990452416        208.85049815685488        24.752185844006817     
   38.794001844823995        213.63759598415345        208.17756425449625        24.663258855710410     
   42.161001831355989        213.33695914666168        207.47509355773218        24.564018042506177     
   45.769501816921995        213.02431890252046        206.74288313952275        24.454814976377747     
   49.630501801477998        212.69841159286443        205.98094842443243        24.337841874086735     
   53.758501784965993        212.35712750873063        205.18584279809147        24.205181275335235     
   58.163501767345998        211.99954472715035        204.35774174553808        24.058809337506318     
   62.861501748553998        211.62432638357859        203.49682652612682        23.897772518344937     
   67.862001728552002        211.22957581700757        202.60450141842011        23.721452038425014     
   73.179001707283987        210.81927021010779        201.68133012577891        23.528264988052797     
   78.825001684699998        210.39007733995095        200.72772851976333        23.317410822930469     
   84.813001660748000        209.94063741061836        199.74392117769457        23.088014437156744     
   91.154501635381990        209.47190022224095        198.73118675267324        22.842957472864327     
   97.860001608559998        208.97993097116705        197.69107587338658        22.572014332345134     
   104.94050158023802        208.46119268564507        196.62035753997043        22.279485298822692     
   112.40900155036400        207.90813157532830        195.51137975120218        21.966450914944289     
   120.27700151889199        207.32006279379129        194.36700584931532        21.626262433504962     
   128.55450148578200        206.69639858743176        193.19031777093187        21.260769958656965     
   137.25150145099400        206.03654791635927        191.97954701090930        20.873157279052975     
   146.36750141453001        205.33696163678542        190.73837553063640        20.453093108322719     
   155.91300137634801        204.59926689881831        189.47028105478967        20.004433483545654     
   165.90800133636799        203.82923345500603        188.17723959038267        19.527124922891744     
   176.33200129467198        203.02580138423946        186.86608464323217        19.019551053748728     
   187.21550125113797        202.18617734208237        185.53661387861939        18.483749328412159     
   198.54800120580799        201.31509493407793        184.19326539628673        17.910948517665020     
   210.33050115867800        200.41089548487798        182.83866635384038        17.309237922228931     
   222.56150110975398        199.47593240495189        181.47532826720271        16.673167628843657     
   235.24250105902999        198.50578160001169        180.10524024275219        16.002446452406730     
   248.37250100650999        197.50451528554549        178.73044773386937        15.298611117086693     
   261.94200095223198        196.46882766479575        177.35366218701165        14.559684349489544     
   275.94050089623795        195.40648677656100        175.97740501783846        13.792750787182740     
   290.37850083848599        194.30874119286182        174.59977969878491        12.988125530569960     
   305.21600077913598        193.17374757378730        173.22162003515186        12.150960310807932     
   320.46300071814801        192.00736382733794        171.84399556213100        11.279566498016720     
   336.09900065560396        190.80626577927524        170.47046537462677        10.374724221464930     
   352.10500059158005        189.57353351077109        169.10406778962817        9.4400518802449369     
   368.46000052616000        188.31370434934252        167.74752186669465        8.4712042106330045     
   385.15450045938201        187.02306544883868        166.40223610408691        7.4705198186329653     
   402.14850039140600        185.70916967333324        165.07178240578062        6.4390033755917102     
   419.43250032227002        184.36537136997867        163.75694306491650        5.3767372604834236     
   436.96600025213610        182.99963848856351        162.46057040273445        4.2850252856205771     
   454.73900018104393        181.60724539263902        161.18300355138490        3.1619865778970961     
   472.70150010919400        180.18950258757104        159.92725722322939        2.0065357455455342     
   500.00000000000000        177.99105645874079        158.08058819285361       0.19089612545787610     
