   9.9999997473787525E-007   7.6948898511952635E-005   0.0000000000000000        138.51097217202187     
   1.9999999949504854E-006   7.6948898511952635E-005   0.0000000000000000        138.51097217202187     
   8.3001999667994944E-002  0.48267083340799388        0.0000000000000000        138.51097841560841     
   9.6001999615994954E-002  0.52396274939836474        0.0000000000000000        138.51097936928272     
  0.11050199955799496       0.56316821897850389        0.0000000000000000        138.51098008453846     
  0.12750199948999497       0.60765474133118857        0.0000000000000000        138.51498256623745     
  0.14650199941399497       0.65532287950533430        0.0000000000000000        138.51498351991177     
  0.16850199932599497       0.70789992440843719        0.0000000000000000        138.52112503349781     
  0.19300199922799496       0.76326401904175611        0.0000000000000000        138.52512718737125     
  0.22150199911399493       0.82384153616554556        0.0000000000000000        138.52512998878956     
  0.25350199898599496       0.88738212373750969        0.0000000000000000        138.53392384946346     
  0.29000199883999495       0.95475801886156830        0.0000000000000000        138.54106435924768     
  0.33150199867399494        1.0255758148160083        0.0000000000000000        138.54106919467449     
  0.37800199848799498        1.0985612738476078        0.0000000000000000        138.54107587039471     
  0.43100199827599495        1.1747230935192583        0.0000000000000000        138.55600427836180     
  0.49100199803599492        1.2532220368705538        0.0000000000000000        138.55601453036070     
  0.55850199776599496        1.3332124106328536        0.0000000000000000        138.56624771654606     
  0.63450199746199498        1.4143899366087993        0.0000000000000000        138.56990748643875     
  0.72000199711999502        1.4962896571617392        0.0000000000000000        138.58180423825979     
  0.81650199673399504        1.5787454926377080        0.0000000000000000        138.58682809025049     
  0.92450199630199492        1.6606405705191349        0.0000000000000000        138.61223610490561     
   1.0460019958159950        1.7502621712977628        0.0000000000000000        138.63850485533476     
   1.1820019952719951        1.8657327380615030        0.0000000000000000        138.67718328535557     
   1.3340019946639949        1.9947840979895659        0.0000000000000000        138.68056897819042     
   1.5040019939839948        2.1272372379208662        0.0000000000000000        138.72527217119932     
   1.6935019932259947        2.2562562536634658        0.0000000000000000        138.73092513531446     
   1.9050019923799950        2.3795733753552213        0.0000000000000000        138.73569991439581     
   2.1405019914379948        2.4971277263356768        0.0000000000000000        138.84944687783718     
   2.4025019903899949        2.6103387381820369        0.0000000000000000        138.84964740276337     
   2.6935019892259953        2.7206866984762144        0.0000000000000000        138.87989213317633     
   3.0165019879339949        2.8294140623388273        0.0000000000000000        138.90225997567177     
   3.3745019865019947        2.9372549257544023        0.0000000000000000        138.91963131725788     
   3.7710019849159950        3.0447028137270848        0.0000000000000000        139.01720666885376     
   4.2090019831639953        3.1518558838155997        0.0000000000000000        139.03463552147150     
   4.6930019812279955        3.2590088431357245        0.0000000000000000        139.07415778934956     
   5.2265019790939951        3.3660775960739358        0.0000000000000000        139.10847297310829     
   5.8140019767439943        3.4730997148611351        0.0000000000000000        139.14723492413759     
   6.4610019741559945        3.5801845971572703        0.0000000000000000        139.17075534909964     
   7.1715019713139956        3.6870948411812634        0.0000000000000000        139.20503045618534     
   7.9515019681939956        3.7938571653441642        0.0000000000000000        139.23705161362886     
   8.8065019647739948        3.9003409283010768        0.0000000000000000        139.27015149593353     
   9.7425019610299941        4.0064211436055714        0.0000000000000000        139.38405797630548     
   10.765501956937996        4.1227962538442284        0.0000000000000000        139.41968674957752     
   11.884001952463995        4.2533207177163135        0.0000000000000000        139.51628537476063     
   13.103001947587995        4.3930785866410389        0.0000000000000000        139.53768086433411     
   14.432001942271995        4.5381481733162445        0.0000000000000000        139.66732352226973     
   15.877001936491993        4.6848450861209727        0.0000000000000000        139.78534225374460     
   17.448501930205992        4.8306577129181392        0.0000000000000000        139.87626999616623     
   19.153001923387993        4.9733070839665672        0.0000000000000000        139.98582930862904     
   21.001001915995992        5.1114905079242234        0.0000000000000000        140.14827811717987     
   23.002001907992000        5.2442925526153985        0.0000000000000000        140.31748161464930     
   25.166001899335996        5.3712560582320137        0.0000000000000000        140.43829185515642     
   27.502001889991995        5.4922038610309230        0.0000000000000000        140.55746896564960     
   30.022501879909996        5.6074157975225631        0.0000000000000000        140.74420894682407     
   32.736501869053996        5.7171986408277675        0.0000000000000000        140.81185581535101     
   35.657001857371995        5.8221688859812062        0.0000000000000000        141.18495475500822     
   38.794001844823995        5.9229201786106955        0.0000000000000000        141.24351894110441     
   42.161001831355989        6.0202137000786706        0.0000000000000000        141.57106305658817     
   45.769501816921995        6.1147609814600372        0.0000000000000000        141.65940699726343     
   49.630501801477998        6.2072548786158990        0.0000000000000000        141.97797641903162     
   53.758501784965993        6.3023615686407055        0.0000000000000000        142.50525639951229     
   58.163501767345998        6.4011653116055669        0.0000000000000000        142.81532609462738     
   62.861501748553998        6.5035729202016341        0.0000000000000000        143.35877201706171     
   67.862001728552002        6.6095403367640415        0.0000000000000000        143.46527007222176     
   73.179001707283987        6.7192197841110470        0.0000000000000000        143.93451366573572     
   78.825001684699998        6.8691226924046020        0.0000000000000000        144.53340501338243     
   84.813001660748000        7.0858922019239969        0.0000000000000000        145.21661491692066     
   91.154501635381990        7.3284474812032840        0.0000000000000000        145.82435810565948     
   97.860001608559998        7.5835938402412069        0.0000000000000000        146.93974881619215     
   104.94050158023802        7.8582843159389881        0.0000000000000000        148.64414308965206     
   112.40900155036400        8.5301009065190669        0.0000000000000000        150.51311774551868     
   120.27700151889199        9.3520310161524094        0.0000000000000000        151.81504392623901     
   128.55450148578200        10.286278490596828        0.0000000000000000        153.25474362075329     
   137.25150145099400        11.397008400700543        0.0000000000000000        154.67482031136751     
   146.36750141453001        12.690467354545589        0.0000000000000000        156.36554300040007     
   155.91300137634801        14.151466315462770        0.0000000000000000        158.00647081434727     
   165.90800133636799        15.781918908047373        0.0000000000000000        159.67740910500288     
   176.33200129467198        17.577528636270245        0.0000000000000000        161.44810786843300     
   187.21550125113797        19.541270196381220        0.0000000000000000        163.57508638501167     
   198.54800120580799        21.669237741482448        0.0000000000000000        165.47213530540466     
   210.33050115867800        23.970277402574538        0.0000000000000000        167.61084076762199     
   222.56150110975398        26.443108718189251        0.0000000000000000        169.92607102543116     
   235.24250105902999        29.077904497931740        0.0000000000000000        172.11631884425879     
   248.37250100650999        31.885928769512248        0.0000000000000000        174.41042532771826     
   261.94200095223198        34.858997716950398        0.0000000000000000        177.00632434338331     
   275.94050089623795        37.974548111917102        0.0000000000000000        179.40388341248035     
   290.37850083848599        41.330898210369924        0.0000000000000000        181.94999366998672     
   305.21600077913598        45.065117162761453        0.0000000000000000        184.57041332125664     
   320.46300071814801        49.087918216551770        0.0000000000000000        187.38476249575615     
   336.09900065560396        53.324745379999513        0.0000000000000000        190.17633490264416     
   352.10500059158005        57.725651716391440        0.0000000000000000        193.00933189690113     
   368.46000052616000        62.258289531426271        0.0000000000000000        195.93892490863800     
   385.15450045938201        66.890229095530231        0.0000000000000000        198.85768763720989     
   402.14850039140600        71.583436358254403        0.0000000000000000        201.68892279267311     
   419.43250032227002        76.323574601148721        0.0000000000000000        204.45180025696754     
   436.96600025213610        81.096526666136924        0.0000000000000000        207.14452932775021     
   454.73900018104393        85.877660237485543        0.0000000000000000        209.67424727976322     
   472.70150010919400        90.644731996348128        0.0000000000000000        212.04759278893471     
   500.00000000000000        97.706901427300181        0.0000000000000000        214.43334409594536     
