   9.9999997473787525E-007   685.01868847012520        685.01962772011757        66.784524328303633     
  0.10740500000000001        684.79025384783745        684.78813365101814        66.785207642918067     
  0.12361599999999999        684.71309643983841        684.70779794454575        66.785307013172314     
  0.14388199999999998        684.63846617937088        684.63006266951561        66.784624913118932     
  0.16600199966799495        684.57160377502441        684.55917212367058        66.784188061439636     
  0.19200199961599496        684.50417199730873        684.48714062571526        66.783693565001158     
  0.22100199955799496        684.43889144062996        684.41732978820801        66.783870967967232     
  0.25500199948999497        684.37348026037216        684.34561783075333        66.783291453775746     
  0.29300199941399496        684.30912148952484        684.27463009953499        66.781287703215639     
  0.33700199932599495        684.24268460273743        684.20161870121956        66.780219905773265     
  0.38600199922799500        684.17904183268547        684.12895339727402        66.778965473877179     
  0.44300199911399496        684.11429004371166        684.05237409472466        66.778464490242186     
  0.50700199898599496        684.04856164753437        683.97429142892361        66.778087227758078     
  0.58000199883999493        683.97978855669498        683.89219887554646        66.775677490753878     
  0.66300199867399490        683.90768411755562        683.80570408701897        66.771637364832714     
  0.75600199848799510        683.83481624722481        683.71471694111824        66.767423273293389     
  0.86200199827599500        683.75385397672653        683.61685945093632        66.765629368645023     
  0.98200199803599508        683.67017127573490        683.51141729950905        66.763308199107996     
   1.1170019977659948        683.56845265626907        683.38667888939381        66.758740669763938     
   1.2690019974619948        683.45045320689678        683.23935091495514        66.755982932962070     
   1.4400019971199951        683.31428658962250        683.07123738527298        66.750323817803292     
   1.6330019967339948        683.16105087101460        682.88288040459156        66.748734894499648     
   1.8490019963019946        682.99551098048687        682.67761176824570        66.744132963132870     
   2.0920019958159952        682.81543792784214        682.45537965744734        66.739340366104443     
   2.3640019952719951        682.62501743435860        682.21816626936197        66.733362902687077     
   2.6680019946639946        682.42718300968409        681.96644808351994        66.727125252709811     
   3.0080019939839944        682.22223381698132        681.70045339316130        66.717958549386822     
   3.3870019932259949        682.00978998839855        681.42097149044275        66.710720647162816     
   3.8100019923799948        681.79110489040613        681.12750294804573        66.699205977023666     
   4.2810019914379946        681.57375930994749        680.81995798647404        66.687749628257734     
   4.8050019903899956        681.34606450051069        680.49772512167692        66.677471858598437     
   5.3870019892259950        681.11592155694962        680.15958130359650        66.665332171360205     
   6.0330019879339956        680.87951973825693        679.80387964472175        66.650976858541981     
   6.7490019865019937        680.63278873264790        679.42843495681882        66.634875124032988     
   7.5420019849159949        680.37605362758040        679.03080296143889        66.615816024550440     
   8.4180019831639950        680.11266593635082        678.60871231555939        66.604428196107619     
   9.3860019812279951        679.83828339725733        678.15876631811261        66.580214232697472     
   10.453001979093994        679.53902345895767        677.67239151149988        66.553779565598234     
   11.628001976743995        679.21234175562859        677.13363058492541        66.542669134498283     
   12.922001974155995        678.85141995921731        676.54315683618188        66.518569628788100     
   14.343001971313996        678.45934069529176        675.90290230698884        66.480886583769461     
   15.903001968193996        678.04290057532489        675.21265256777406        66.465660631802166     
   17.613001964773996        677.60352563112974        674.47248096577823        66.435345946374582     
   19.485001961029994        677.13932146504521        673.68178861215711        66.386653922250844     
   21.531001956937995        676.79495180584490        672.98714143130928        66.353958600433543     
   23.768001952463997        676.43477576598525        672.24476572219282        66.305268387040996     
   26.206001947587996        676.06044530961663        671.45480125863105        66.229759850742994     
   28.864001942271997        675.66897169686854        670.61460407916456        66.181741711538052     
   31.754001936491992        675.26033714320511        669.72389771044254        66.089466109653586     
   34.897001930205995        674.83589505404234        668.77971868496388        66.024914188630646     
   38.306001923387996        674.39206987526268        667.78165182261728        65.933964144700440     
   42.002001915995990        673.93885003868490        666.72702134121209        65.808473351811699     
   46.004001907991999        673.46461468748748        665.61381373275071        65.668407488075900     
   50.332001899335999        672.97245681565255        664.43988038087264        65.554297108195897     
   55.004001889991990        672.44478381052613        663.18865282693878        65.382675988701521     
   60.045001879909996        671.88579874951392        661.85867698350921        65.192100193882652     
   65.473001869054002        671.29519073665142        660.45150738046505        64.982481493861997     
   71.314001857371991        670.67143065202981        658.96618723683059        64.748617561956053     
   77.588001844824007        670.01994777750224        657.40308322058991        64.537012212778791     
   84.322001831355990        669.33667939901352        655.76057465863414        64.258602602312749     
   91.539001816921996        668.61894565913826        654.03792907134630        63.952815993878176     
   99.261001801478002        667.86759177874774        652.23456117487513        63.617455036524916     
   107.51700178496600        667.06210448779166        650.33163933362812        63.277520163494046     
   116.32700176734599        666.20045285113156        648.32707098778337        62.877429730593576     
   125.72300174855400        665.28268340416253        646.22217646520585        62.480825458122126     
   135.72400172855200        664.31057457812130        644.02079224865884        62.004807770485058     
   146.35800170728399        663.28695280663669        641.72448232676834        61.489161463825440     
   157.65000168470002        662.19861433655024        639.33288387116045        60.926211294114182     
   169.62600166074802        661.05242052767426        636.84411697927862        60.319877424182778     
   182.30900163538200        659.83838713355362        634.26041444484144        59.661763095704373     
   195.72000160856001        658.55724812019616        631.58470573928207        58.951752175606089     
   209.88100158023801        657.21096433233470        628.81921285390854        58.226118029022473     
   224.81800155036399        655.73883843887597        625.91197075555101        57.403327510925010     
   240.55400151889199        654.13068745075725        622.85288804094307        56.519802975468338     
   257.10900148578196        652.36161703872494        619.62952590943314        55.573042959571467     
   274.50300145099402        650.41958118020557        616.22735784191173        54.592924868557020     
   292.73500141453002        648.29665274421859        612.64914457884151        53.511946179743973     
   311.82600137634796        645.97653408750193        608.88671421877370        52.360076363096596     
   331.81600133636800        643.44460769756552        604.92364489662759        51.134075010097149     
   352.66400129467200        640.68613762510358        600.75834237474328        49.862107782595558     
   374.43100125113801        637.67168002580729        596.36543385528455        48.480162619016482     
   397.09600120580797        634.38283315940498        591.73148211879607        47.048631672234478     
   420.66100115867795        630.79670492063451        586.84245207881509        45.507014045560936     
   445.12300110975394        626.89713749580551        581.68796570566383        43.883832316590997     
   470.48500105902997        622.70631384232547        576.29417827325176        42.177420521307795     
   496.74500100650999        618.20748684284627        570.65147406841618        40.385908876916801     
   523.88400095223199        613.38107504305663        564.74304997036256        38.531268426482711     
   551.88100089623799        608.22019795447704        558.57144669536501        36.572627802735951     
   580.75700083848596        602.74385724557214        552.15604925760999        34.527491365985043     
   610.43200077913593        596.98697675438598        545.54142576502636        32.402490666523590     
   640.92600071814798        590.97373223531758        538.75148109137081        30.204080457697273     
   672.19800065560401        584.73395089013502        531.82390329876216        27.911991158736782     
   704.21000059157984        578.30444805638399        524.79694510770059        25.544521827534481     
   736.92000052616004        571.71097475721035        517.70021975039799        23.092206540223742     
   770.30900045938188        564.96745794278104        510.55026526040172        20.560308811772302     
   804.29700039140607        558.08045452984516        503.35769154708674        17.952451319144075     
   838.86500032227002        551.01907786703669        496.09498075614033        15.267162016241855     
   873.93200025213605        543.81400612229481        488.79440263644153        12.507216534555027     
   909.47800018104385        536.47657170204911        481.47407648217199        9.6675322718401731     
   945.40300010919395        529.03455367486458        474.16786176491132        6.7430529447251502     
   1000.0000000000000        517.45429995434824        463.06520050941890        2.1407321481206418     
