   9.9999997473787525E-007   685.42228516936302        685.38895335793495        48.454416140721882     
  0.10740500000000001        685.37957400083542        685.34513974189758        48.454237554066765     
  0.12361599999999999        685.36652323603630        685.33107241988182        48.453966939220756     
  0.14388199999999998        685.35330572724342        685.31631800532341        48.454002568785050     
  0.16600199966799495        685.34119150042534        685.30219486355782        48.453753879637148     
  0.19200199961599496        685.32819592952728        685.28722172975540        48.453499229552612     
  0.22100199955799496        685.31514376401901        685.27222502231598        48.452837109838860     
  0.25500199948999497        685.30107709765434        685.25626024603844        48.452646817758485     
  0.29300199941399496        685.28890231251717        685.23996707797050        48.453108365510282     
  0.33700199932599495        685.27040845155716        685.22221410274506        48.451732170881613     
  0.38600199922799500        685.25594982504845        685.20389309525490        48.450163325036904     
  0.44300199911399496        685.24060612916946        685.18365496397018        48.449255000094034     
  0.50700199898599496        685.22611635923386        685.16236191987991        48.447749440410938     
  0.58000199883999493        685.20963618159294        685.13948592543602        48.445314024222377     
  0.66300199867399490        685.19119200110435        685.11447754502296        48.442727893647593     
  0.75600199848799510        685.17499521374702        685.08767518401146        48.439947513008391     
  0.86200199827599500        685.15235471725464        685.05809676647186        48.435311650649695     
  0.98200199803599508        685.13324055075645        685.02593281865120        48.432039827835759     
   1.1170019977659948        685.10778504610062        684.98844259977341        48.427626471071001     
   1.2690019974619948        685.08269008994102        684.94412592053413        48.423766394307876     
   1.4400019971199951        685.04690358042717        684.89318552613258        48.419187648892766     
   1.6330019967339948        685.00501444935799        684.83486148715019        48.413491257173440     
   1.8490019963019946        684.96584695577621        684.77000570297241        48.407185186611109     
   2.0920019958159952        684.91774964332581        684.69797229766846        48.400002667385820     
   2.3640019952719951        684.86860030889511        684.61938107013702        48.393214720591608     
   2.6680019946639946        684.81672343611717        684.53409662842751        48.384086347412946     
   3.0080019939839944        684.76180571317673        684.44220614433289        48.374190403624532     
   3.3870019932259949        684.70399081707001        684.34375309944153        48.364881423596998     
   3.8100019923799948        684.64482754468918        684.23843967914581        48.353738490128336     
   4.2810019914379946        684.58173336088657        684.12579736113548        48.338967473801681     
   4.8050019903899956        684.51944828033447        684.00554750859737        48.324551090269210     
   5.3870019892259950        684.45607589185238        683.87701426446438        48.310547073195721     
   6.0330019879339956        684.38922259211540        683.73941208422184        48.292276271272577     
   6.7490019865019937        684.31905584037304        683.59180614352226        48.272682241310200     
   7.5420019849159949        684.24294550716877        683.43274867534637        48.251726485725698     
   8.4180019831639950        684.16930855810642        683.26148129999638        48.228384429798261     
   9.3860019812279951        684.08516745269299        683.07621851563454        48.202946169477045     
   10.453001979093994        684.00596576929092        682.87377507984638        48.175591961059311     
   11.628001976743995        683.90555335581303        682.64738643169403        48.142444160360867     
   12.922001974155995        683.79817129671574        682.39650984108448        48.108791099693448     
   14.343001971313996        683.67479375004768        682.12091204524040        48.071506584802478     
   15.903001968193996        683.54315145313740        681.81996105611324        48.027574990373253     
   17.613001964773996        683.39558339118958        681.49302887916565        47.980684547542765     
   19.485001961029994        683.24399869143963        681.13951213657856        47.929718125316832     
   21.531001956937995        683.07339139282703        680.75541918724775        47.870769132992436     
   23.768001952463997        682.88808236271143        680.33669129759073        47.808238259730146     
   26.206001947587996        682.69604893773794        679.88524004071951        47.741151232508862     
   28.864001942271997        682.48501162230968        679.39987724274397        47.667472198777617     
   31.754001936491992        682.26252308487892        678.87982535362244        47.586174664921131     
   34.897001930205995        682.02929441630840        678.32316221296787        47.494514508577879     
   38.306001923387996        681.78259691596031        677.72966733574867        47.394328419967174     
   42.002001915995990        681.52605190873146        677.09781482815742        47.285424687884401     
   46.004001907991999        681.25331682711840        676.42638266086578        47.163749157860700     
   50.332001899335999        680.96964939311147        675.71387051418424        47.029856955111718     
   55.004001889991990        680.66532114148140        674.95319032669067        46.882394605965203     
   60.045001879909996        680.34366186708212        674.14275696128607        46.723442716064916     
   65.473001869054002        680.00492201372981        673.28233645483851        46.548901247068791     
   71.314001857371991        679.64295621961355        672.37008291110396        46.359529783227060     
   77.588001844824007        679.26703642681241        671.40482135862112        46.154322973342303     
   84.322001831355990        678.86769043654203        670.38416483625770        45.928982718861299     
   91.539001816921996        678.43954376876354        669.30628191679716        45.681455271287653     
   99.261001801478002        677.99061523750424        668.16960299015045        45.415896662156449     
   107.51700178496600        677.50913691520691        666.96446002647281        45.129345005184483     
   116.32700176734599        676.98896348662674        665.68870835006237        44.813828003848528     
   125.72300174855400        676.43359719682485        664.34110338054597        44.472999509893953     
   135.72400172855200        675.83767752163112        662.92230381257832        44.104573759895374     
   146.35800170728399        675.20389209035784        661.43173894286156        43.704587497894281     
   157.65000168470002        674.52746733231470        659.86680822120979        43.274899724410183     
   169.62600166074802        673.80482959607616        658.22326190164313        42.812354933016664     
   182.30900163538200        673.02953063277528        656.50058695650660        42.314483415174095     
   195.72000160856001        672.20259615592659        654.69891775748692        41.778546618957712     
   209.88100158023801        671.32134270458482        652.81792732712347        41.203689002112128     
   224.81800155036399        670.33266425458714        650.80757463222835        40.589178887186016     
   240.55400151889199        669.21451399711077        648.64876371069113        39.930150603338831     
   257.10900148578196        667.94268950558035        646.32030628342181        39.226020446738403     
   274.50300145099402        666.49649732231774        643.80168356411741        38.475696462331406     
   292.73500141453002        664.85970310587072        641.08439306632863        37.675753380382957     
   311.82600137634796        663.01532545172131        638.15255259953301        36.826007732812947     
   331.81600133636800        660.93742134728814        634.98346995123882        35.922199643591341     
   352.66400129467200        658.60488369070401        631.56571909539787        34.966605076582610     
   374.43100125113801        655.99230889230967        627.87043649703264        33.955775446622994     
   397.09600120580797        653.07782844454050        623.88397726416588        32.888361646079233     
   420.66100115867795        649.85281527787447        619.60113859176636        31.761568865717294     
   445.12300110975394        646.30980049073696        615.02116916328669        30.575329253312368     
   470.48500105902997        642.44730583950877        610.14899584278464        29.329386016230437     
   496.74500100650999        638.26913618855178        604.98411234375089        28.023784152820774     
   523.88400095223199        633.74066824605688        599.50297178095207        26.656326647914785     
   551.88100089623799        628.85810757963918        593.70639526960440        25.227903109207713     
   580.75700083848596        623.64949059940409        587.62257841066457        23.737216068461681     
   610.43200077913593        618.15636773387087        581.30588172485295        22.184813605524507     
   640.92600071814798        612.41962546180730        574.78990061693912        20.570819199429909     
   672.19800065560401        606.47453720808016        568.11710456858464        18.896979160317876     
   704.21000059157984        600.35097362287127        561.32552069394524        17.161102017766446     
   736.92000052616004        594.07318781717913        554.43932795364526        15.366755174995870     
   770.30900045938188        587.64781056025822        547.46899876784300        13.511367982997058     
   804.29700039140607        581.06322091334005        540.40686500971788        11.598421261334011     
   838.86500032227002        574.25232162021803        533.19094586206256        9.6268352181776500     
   873.93200025213605        567.26599408651236        525.87344107846729        7.5979458250267884     
   909.47800018104385        560.14037022157572        518.49402564670891        5.5106342155288104     
   945.40300010919395        552.92200515551667        511.10642293615092        3.3631091208763491     
   1000.0000000000000        541.71443807509786        499.83256922881264       -1.0062537522070353E-003
