   9.9999997473787525E-007   684.97899252176285        684.97879552841187        62.671938360785134     
  0.10740500000000001        684.93656200170517        684.93500834703445        62.672001424827613     
  0.12361599999999999        684.92369389533997        684.92096874117851        62.671821877127513     
  0.14388199999999998        684.91053891181946        684.90625062584877        62.674232834950089     
  0.16600199966799495        684.89866685867310        684.89216858148575        62.675624822382815     
  0.19200199961599496        684.88502112030983        684.87724530696869        62.674814469995908     
  0.22100199955799496        684.87336924672127        684.86230558156967        62.674523498280905     
  0.25500199948999497        684.86011263728142        684.84640881419182        62.673081012908369     
  0.29300199941399496        684.84795308113098        684.83019244670868        62.672200091648847     
  0.33700199932599495        684.83551916480064        684.81252861022949        62.670411530998535     
  0.38600199922799500        684.82188332080841        684.79430618882179        62.668293302878737     
  0.44300199911399496        684.80840680003166        684.77418094873428        62.666470191790722     
  0.50700199898599496        684.79384961724281        684.75301122665405        62.663823222159408     
  0.58000199883999493        684.77612024545670        684.73027056455612        62.660954524530098     
  0.66300199867399490        684.76148313283920        684.70540821552277        62.659429900697432     
  0.75600199848799510        684.74220401048660        684.67875900864601        62.655300073791295     
  0.86200199827599500        684.72720363736153        684.64934134483337        62.652349806041457     
  0.98200199803599508        684.70767623186111        684.61734202504158        62.649484398541972     
   1.1170019977659948        684.68259221315384        684.58001378178596        62.643418091349304     
   1.2690019974619948        684.65805405378342        684.53585407137871        62.639143141568638     
   1.4400019971199951        684.62789785861969        684.48506435751915        62.632307632360607     
   1.6330019967339948        684.59227269887924        684.42688456177711        62.625219069886953     
   1.8490019963019946        684.55005100369453        684.36216545104980        62.618681764928624     
   2.0920019958159952        684.50636154413223        684.29026263952255        62.611370722996071     
   2.3640019952719951        684.45834311842918        684.21179664134979        62.604417285765521     
   2.6680019946639946        684.40935662388802        684.12663379311562        62.595336851547472     
   3.0080019939839944        684.35735544562340        684.03486439585686        62.585855935001746     
   3.3870019932259949        684.29886874556541        683.93653365969658        62.575699888402596     
   3.8100019923799948        684.24391594529152        683.83134752511978        62.565007165423594     
   4.2810019914379946        684.18194910883904        683.71884045004845        62.550446179229766     
   4.8050019903899956        684.12127725780010        683.59873612225056        62.534838147344999     
   5.3870019892259950        684.05707262456417        683.47036129236221        62.517700683441944     
   6.0330019879339956        683.98928870260715        683.33293236792088        62.501002704375423     
   6.7490019865019937        683.92269612848759        683.18551647663116        62.482075237785466     
   7.5420019849159949        683.85470066964626        683.02666793763638        62.461444835644215     
   8.4180019831639950        683.78148284554482        682.85562920570374        62.439086984726600     
   9.3860019812279951        683.70438939332962        682.67061725258827        62.413739063078538     
   10.453001979093994        683.62500731647015        682.46845491230488        62.390533403144218     
   11.628001976743995        683.52876900136471        682.24240019917488        62.359343253308907     
   12.922001974155995        683.42393566668034        681.99191676080227        62.327826422639191     
   14.343001971313996        683.30664962530136        681.71677663922310        62.293981181224808     
   15.903001968193996        683.17413887381554        681.41635476052761        62.254215744789690     
   17.613001964773996        683.03588886559010        681.09002934396267        62.209975020145066     
   19.485001961029994        682.88921169936657        680.73720365017653        62.163354047690518     
   21.531001956937995        682.72140712291002        680.35389272123575        62.108584316563793     
   23.768001952463997        682.54741209745407        679.93604515492916        62.052698498824611     
   26.206001947587996        682.35795325040817        679.48558016866446        61.991103381733410     
   28.864001942271997        682.15899854898453        679.00131525844336        61.924936256837100     
   31.754001936491992        681.94348780810833        678.48247916996479        61.846354664885439     
   34.897001930205995        681.71866784244776        677.92715307325125        61.761136556044221     
   38.306001923387996        681.48529564589262        677.33513045310974        61.667995837866329     
   42.002001915995990        681.23347220569849        676.70489177107811        61.566842893138528     
   46.004001907991999        680.97881758213043        676.03521709889174        61.457946836715564     
   50.332001899335999        680.70779519528151        675.32460317760706        61.338252663146704     
   55.004001889991990        680.41783554852009        674.56608716025949        61.205380403203890     
   60.045001879909996        680.11238082870841        673.75812491029501        61.057111688656732     
   65.473001869054002        679.78890763968229        672.90045655891299        60.896924556000158     
   71.314001857371991        679.44261009991169        671.99126878008246        60.722464820835739     
   77.588001844824007        679.08388694375753        671.02939989417791        60.533819827716798     
   84.322001831355990        678.70304298028350        670.01246251910925        60.322845825459808     
   91.539001816921996        678.29567773267627        668.93864869140089        60.093117447337136     
   99.261001801478002        677.87025360018015        667.80634868331254        59.842720642220229     
   107.51700178496600        677.40684894099832        666.60631067678332        59.581041057594121     
   116.32700176734599        676.91106830351055        665.33647428452969        59.283609150676057     
   125.72300174855400        676.37542361393571        663.99562916718423        58.963187573710456     
   135.72400172855200        675.80366870015860        662.58437942899764        58.615309269400313     
   146.35800170728399        675.19191899616271        661.10210615769029        58.262312686536461     
   157.65000168470002        674.53765573538840        659.54613720253110        57.853040753630921     
   169.62600166074802        673.83065939135849        657.91215116670355        57.409007244277745     
   182.30900163538200        673.06478362623602        656.19952900684439        56.926184908952564     
   195.72000160856001        654.51694517955184        240.74333027878311        38.860584368580021     
   209.88100158023801        653.87955812271684        240.05530142912176        38.499829914915608     
   224.81800155036399        653.12678183894604        239.31984531661146        38.051331244896573     
   240.55400151889199        652.24396156985313        238.52985521533992        37.554373187165766     
   257.10900148578196        651.21168043650687        237.67745713342447        37.010119672053406     
   274.50300145099402        650.00491214171052        236.75505239550694        36.444605212029273     
   292.73500141453002        648.61159270256758        235.75945816936837        35.817015497937973     
   311.82600137634796        647.01712878420949        234.68482599673303        35.119314619296347     
   331.81600133636800        645.19605376943946        233.52280694462650        34.398604557878571     
   352.66400129467200        643.12933011166751        232.26919780337133        33.592361227892980     
   374.43100125113801        640.79225404933095        230.91339483045542        32.729983797791647     
   397.09600120580797        638.15950656682253        229.45040332874632        31.833642465680896     
   420.66100115867795        635.22346047684550        227.87833948074999        30.891536266688490     
   445.12300110975394        631.97612005099654        226.19695769437573        29.855167447632994     
   470.48500105902997        628.42181454412639        224.40810740459753        28.759872760900180     
   496.74500100650999        624.55393306259066        222.51171169430017        27.604696947291814     
   523.88400095223199        620.34527463000268        220.49920443026349        26.420485805712815     
   551.88100089623799        615.78767897957005        218.37093467928935        25.143364613320955     
   580.75700083848596        610.91488665970974        216.13731323069078        23.807219461101340     
   610.43200077913593        605.76740592333954        213.81836566475977        22.410970285807707     
   640.92600071814798        600.37929890328087        211.42650792580298        20.954902619641871     
   672.19800065560401        594.78892449545674        208.97743175448511        19.463092232179406     
   704.21000059157984        589.02907006931491        206.48519049421287        17.887108866741528     
   736.92000052616004        583.12062762666028        203.95873406177833        16.253146720411678     
   770.30900045938188        577.07046827516751        201.40201008587869        14.562571710690008     
   804.29700039140607        570.86595675861463        198.81225453409496        12.826560301580685     
   838.86500032227002        564.44490280246828        196.16675885084004        11.022282434051704     
   873.93200025213605        557.85336743039079        193.48477219867993        9.1627870241686651     
   909.47800018104385        551.12443619279657        190.78092884247187        7.2433109045850870     
   945.40300010919395        544.30457919184119        188.07500492666856        5.2672610644699489     
   1000.0000000000000        533.70405083938385        183.94769517087434        2.1406804703851572     
