   9.9999997473787525E-007  -6.6012281365601666E-006   0.0000000000000000        157.57566475868225     
  0.10740500000000001       0.12902310333407740        0.0000000000000000        157.70469406247139     
  0.12361599999999999       0.21022316005354469        0.0000000000000000        157.70467847585678     
  0.14388199999999998       0.26406455480190516        0.0000000000000000        157.70467942953110     
  0.16600199966799495       0.30614689222508673        0.0000000000000000        157.70468026399612     
  0.19200199961599496       0.34655473833544193        0.0000000000000000        157.70468050241470     
  0.22100199955799496       0.38549071020139536        0.0000000000000000        157.70468181371689     
  0.25500199948999497       0.42610230659454373        0.0000000000000000        157.72002142667770     
  0.29300199941399496       0.46705211950120429        0.0000000000000000        157.72002309560776     
  0.33700199932599495       0.51026419669688039        0.0000000000000000        157.72002512216568     
  0.38600199922799500       0.55434280725251028        0.0000000000000000        157.72002738714218     
  0.44300199911399496       0.60152397668565527        0.0000000000000000        157.72002893686295     
  0.50700199898599496       0.65035113376620757        0.0000000000000000        157.73903447389603     
  0.58000199883999493       0.70183024512903103        0.0000000000000000        157.73903769254684     
  0.66300199867399490       0.75600824439118242        0.0000000000000000        157.75522872805595     
  0.75600199848799510       0.81228539058236038        0.0000000000000000        157.78468891978264     
  0.86200199827599500       0.87187597978152098        0.0000000000000000        157.78469476103783     
  0.98200199803599508       0.93460940411995352        0.0000000000000000        157.78470277786255     
   1.1170019977659948        1.0168514434170675        0.0000000000000000        157.78471112251282     
   1.2690019974619948        1.1230503986069493        0.0000000000000000        157.78472208976746     
   1.4400019971199951        1.2515935559944182        0.0000000000000000        157.79044872522354     
   1.6330019967339948        1.4017435909041751        0.0000000000000000        157.79046806693077     
   1.8490019963019946        1.5712292162398853        0.0000000000000000        157.79049161076546     
   2.0920019958159952        1.7603153467899801        0.0000000000000000        157.79052045941353     
   2.3640019952719951        1.9675369349116636        0.0000000000000000        157.80468955636024     
   2.6680019946639946        2.1920878741117349        0.0000000000000000        157.80473199486732     
   3.0080019939839944        2.4336731017002649        0.0000000000000000        157.81276077032089     
   3.3870019932259949        2.6909467121714670        0.0000000000000000        157.81282332539558     
   3.8100019923799948        2.9637302751367542        0.0000000000000000        157.82952049374580     
   4.2810019914379946        3.2508372781700245        0.0000000000000000        157.83294054865837     
   4.8050019903899956        3.5514791076194570        0.0000000000000000        157.84957778453827     
   5.3870019892259950        3.8645236926290920        0.0000000000000000        157.85277375578880     
   6.0330019879339956        4.1890871240279921        0.0000000000000000        157.85291808843613     
   6.7490019865019937        4.5239580386006537        0.0000000000000000        157.85308760404587     
   7.5420019849159949        4.8680751723587719        0.0000000000000000        157.86485069990158     
   8.4180019831639950        5.2196848771606028        0.0000000000000000        157.86507746577263     
   9.3860019812279951        5.5779989667192638        0.0000000000000000        157.86534202098846     
   10.453001979093994        5.9605199744577249        0.0000000000000000        157.88429170846939     
   11.628001976743995        6.4067572717546000        0.0000000000000000        157.89325302839279     
   12.922001974155995        6.8998842067910573        0.0000000000000000        157.91331440210342     
   14.343001971313996        7.4218423404062150        0.0000000000000000        157.93313953280449     
   15.903001968193996        7.9577681272750169        0.0000000000000000        157.93396157026291     
   17.613001964773996        8.4948922521120949        0.0000000000000000        157.96018540859222     
   19.485001961029994        9.0236779692978644        0.0000000000000000        157.97417074441910     
   21.531001956937995        9.6770755754378968        0.0000000000000000        158.01336735486984     
   23.768001952463997        10.295926172601867        0.0000000000000000        158.03969192504883     
   26.206001947587996        10.886772963016483        0.0000000000000000        158.06589451432228     
   28.864001942271997        11.460832700321589        0.0000000000000000        158.08352267742157     
   31.754001936491992        12.021799890963848        0.0000000000000000        158.11254701018333     
   34.897001930205995        12.572901492487290        0.0000000000000000        158.12573441863060     
   38.306001923387996        13.115394232198014        0.0000000000000000        158.14821356534958     
   42.002001915995990        13.651926628066576        0.0000000000000000        158.17195546627045     
   46.004001907991999        14.184462779860041        0.0000000000000000        158.19011530280113     
   50.332001899335999        14.714678214259038        0.0000000000000000        158.26957187056541     
   55.004001889991990        15.272126965413918        0.0000000000000000        158.30344244837761     
   60.045001879909996        15.854805285489419        0.0000000000000000        158.32695913314819     
   65.473001869054002        16.457971920201089        0.0000000000000000        158.37356796860695     
   71.314001857371991        17.078544840085669        0.0000000000000000        158.41013807058334     
   77.588001844824007        17.713313251049840        0.0000000000000000        158.45535022020340     
   84.322001831355990        18.360248303681146        0.0000000000000000        158.60987761616707     
   91.539001816921996        19.017193400766701        0.0000000000000000        158.66154605150223     
   99.261001801478002        19.682195914298063        0.0000000000000000        158.69955691695213     
   107.51700178496600        20.396019807812991        0.0000000000000000        158.78384461998940     
   116.32700176734599        21.162846562307095        0.0000000000000000        158.84163826704025     
   125.72300174855400        21.972326488117687        0.0000000000000000        158.92168468236923     
   135.72400172855200        22.814295386080630        0.0000000000000000        159.03115916252136     
   146.35800170728399        23.680889770213980        0.0000000000000000        159.18153148889542     
   157.65000168470002        24.646916472178418        0.0000000000000000        159.42686310410500     
   169.62600166074802        25.792155990959145        0.0000000000000000        159.77206450700760     
   182.30900163538200        27.052569748659153        0.0000000000000000        160.24349236488342     
   195.72000160856001        103.30670871585608        0.0000000000000000        278.17520195245743     
   209.88100158023801        103.77011454105377        0.0000000000000000        279.14994567632675     
   224.81800155036399        105.14785093814135        0.0000000000000000        281.00147038698196     
   240.55400151889199        107.10069857910275        0.0000000000000000        283.05843281745911     
   257.10900148578196        109.56239547207952        0.0000000000000000        285.31787729263306     
   274.50300145099402        112.55236209183931        0.0000000000000000        287.90078419446945     
   292.73500141453002        116.09652994945645        0.0000000000000000        290.88753676414490     
   311.82600137634796        120.22337922826409        0.0000000000000000        293.91325467824936     
   331.81600133636800        124.97085056826472        0.0000000000000000        297.31819194555283     
   352.66400129467200        130.33298498764634        0.0000000000000000        300.95475333929062     
   374.43100125113801        136.32417416945100        0.0000000000000000        304.86937749385834     
   397.09600120580797        142.95189725607634        0.0000000000000000        309.11441457271576     
   420.66100115867795        150.17790760844946        0.0000000000000000        313.67268323898315     
   445.12300110975394        157.99330468475819        0.0000000000000000        318.60454618930817     
   470.48500105902997        166.68059592694044        0.0000000000000000        323.90381801128387     
   496.74500100650999        176.34004748612642        0.0000000000000000        329.46600306034088     
   523.88400095223199        186.99656990915537        0.0000000000000000        335.48056280612946     
   551.88100089623799        198.51713718473911        0.0000000000000000        341.99558293819427     
   580.75700083848596        210.63995014131069        0.0000000000000000        348.96469402313232     
   610.43200077913593        223.11629319190979        0.0000000000000000        356.19328451156616     
   640.92600071814798        235.80911527574062        0.0000000000000000        363.77722525596619     
   672.19800065560401        248.62922486662865        0.0000000000000000        371.60786962509155     
   704.21000059157984        261.51989310979843        0.0000000000000000        379.74583494663239     
   736.92000052616004        274.50416308641434        0.0000000000000000        387.92145609855652     
   770.30900045938188        287.65025728940964        0.0000000000000000        396.04648172855377     
   804.29700039140607        301.47278946638107        0.0000000000000000        404.16538250446320     
   838.86500032227002        317.12083637714386        0.0000000000000000        412.69737493991852     
   873.93200025213605        333.97429740428925        0.0000000000000000        421.27755451202393     
   909.47800018104385        351.55770957469940        0.0000000000000000        429.75161027908325     
   945.40300010919395        369.36008691787720        0.0000000000000000        437.97317838668823     
   1000.0000000000000        395.83901226520538        0.0000000000000000        447.87772440910339     
