   1.9999999949504854E-006   212.73599342068658        212.73599342068658        0.0000000000000000        0.0000000000000000     
   8.3001999667994944E-002   212.73599342068658        212.73599342068658        0.0000000000000000        0.0000000000000000     
   9.6001999615994954E-002   212.57530397265879        212.57530397265879        0.0000000000000000        0.0000000000000000     
  0.11050199955799496        212.56034839267679        212.56034839267679        0.0000000000000000        0.0000000000000000     
  0.12750199948999497        212.54906500141067        212.54906500141067        0.0000000000000000        0.0000000000000000     
  0.14650199941399497        212.53660606862763        212.53660606862763        0.0000000000000000        0.0000000000000000     
  0.16850199932599497        212.52359484994176        212.52359484994176        0.0000000000000000        0.0000000000000000     
  0.19300199922799496        212.50958084628206        212.50958084628206        0.0000000000000000        0.0000000000000000     
  0.22150199911399493        212.49511900966405        212.49511900966405        0.0000000000000000        0.0000000000000000     
  0.25350199898599496        212.47952869886495        212.47952869886495        0.0000000000000000        0.0000000000000000     
  0.29000199883999495        212.46330416159688        212.46330416159688        0.0000000000000000        0.0000000000000000     
  0.33150199867399494        212.44608232597307        212.44608232597307        0.0000000000000000        0.0000000000000000     
  0.37800199848799498        212.42778548543191        212.42778548543191        0.0000000000000000        0.0000000000000000     
  0.43100199827599495        212.40852429965284        212.40852429965284        0.0000000000000000        0.0000000000000000     
  0.49100199803599492        212.38779287042894        212.38779287042894        0.0000000000000000        0.0000000000000000     
  0.55850199776599496        212.36553837074828        212.36553837074828        0.0000000000000000        0.0000000000000000     
  0.63450199746199498        212.34172402695245        212.34172402695245        0.0000000000000000        0.0000000000000000     
  0.72000199711999502        212.31615304011632        212.31615304011632        0.0000000000000000        0.0000000000000000     
  0.81650199673399504        212.28867132032011        212.28867132032011        0.0000000000000000        0.0000000000000000     
  0.92450199630199492        212.25901085839672        212.25901085839672        0.0000000000000000        0.0000000000000000     
   1.0460019958159950        212.22723866032499        212.22723866032499        0.0000000000000000        0.0000000000000000     
   1.1820019952719951        212.19155757552707        212.19155757552707        0.0000000000000000        0.0000000000000000     
   1.3340019946639949        212.14799053994321        212.14799053994321        0.0000000000000000        0.0000000000000000     
   1.5040019939839948        212.09735871535122        212.09735871535122        0.0000000000000000        0.0000000000000000     
   1.6935019932259947        212.04061559650492        212.04061559650492        0.0000000000000000        0.0000000000000000     
   1.9050019923799950        211.97902831507906        211.97902831507906        0.0000000000000000        0.0000000000000000     
   2.1405019914379948        211.91349850074650        211.91349850074650        0.0000000000000000        0.0000000000000000     
   2.4025019903899949        211.84498288049576        211.84498288049576        0.0000000000000000        0.0000000000000000     
   2.6935019892259953        211.77409871193001        211.77409871193001        0.0000000000000000        0.0000000000000000     
   3.0165019879339949        211.70126568725874        211.70126568725874        0.0000000000000000        0.0000000000000000     
   3.3745019865019947        211.62658556203041        211.62658556203041        0.0000000000000000        0.0000000000000000     
   3.7710019849159950        211.54999814257636        211.54999814257636        0.0000000000000000        0.0000000000000000     
   4.2090019831639953        211.47123433781556        211.47123433781556        0.0000000000000000        0.0000000000000000     
   4.6930019812279955        211.39005195933828        211.39005195933828        0.0000000000000000        0.0000000000000000     
   5.2265019790939951        211.30592360555022        211.30592360555022        0.0000000000000000        0.0000000000000000     
   5.8140019767439943        211.21851825147797        211.21851825147797        0.0000000000000000        0.0000000000000000     
   6.4610019741559945        211.12736230084471        211.12736230084471        0.0000000000000000        0.0000000000000000     
   7.1715019713139956        211.03188940952185        211.03188940952185        0.0000000000000000        0.0000000000000000     
   7.9515019681939956        210.93182621102125        210.93182621102125        0.0000000000000000        0.0000000000000000     
   8.8065019647739948        210.82667627736805        210.82667627736805        0.0000000000000000        0.0000000000000000     
   9.7425019610299941        210.71611742737232        210.71611742737232        0.0000000000000000        0.0000000000000000     
   10.765501956937996        210.59984986656997        210.59984986656997        0.0000000000000000        0.0000000000000000     
   11.884001952463995        210.47381248743787        210.47381248743787        0.0000000000000000        0.0000000000000000     
   13.103001947587995        210.33596451243812        210.33596451243812        0.0000000000000000        0.0000000000000000     
   14.432001942271995        210.18775757506739        210.18775757506739        0.0000000000000000        0.0000000000000000     
   15.877001936491993        210.03016701644023        210.03016701644023        0.0000000000000000        0.0000000000000000     
   17.448501930205992        209.86465579481248        209.86465579481248        0.0000000000000000        0.0000000000000000     
   19.153001923387993        209.69214620237008        209.69214620237008        0.0000000000000000        0.0000000000000000     
   21.001001915995992        209.51395795900601        209.51395795900601        0.0000000000000000        0.0000000000000000     
   23.002001907992000        209.33089596818482        209.33089596818482        0.0000000000000000        0.0000000000000000     
   25.166001899335996        209.14375949479560        209.14375949479560        0.0000000000000000        0.0000000000000000     
   27.502001889991995        208.95318982889981        208.95318982889981        0.0000000000000000        0.0000000000000000     
   30.022501879909996        208.75978940090718        208.75978940090718        0.0000000000000000        0.0000000000000000     
   32.736501869053996        208.56377767126025        208.56377767126025        0.0000000000000000        0.0000000000000000     
   35.657001857371995        208.36561650475440        208.36561650475440        0.0000000000000000        0.0000000000000000     
   38.794001844823995        208.16543728334511        208.16543728334511        0.0000000000000000        0.0000000000000000     
   42.161001831355989        207.96360644519828        207.96360644519828        0.0000000000000000        0.0000000000000000     
   45.769501816921995        207.76025713285642        207.76025713285642        0.0000000000000000        0.0000000000000000     
   49.630501801477998        207.55567462007843        207.55567462007843        0.0000000000000000        0.0000000000000000     
   53.758501784965993        207.35016183939297        207.35016183939297        0.0000000000000000        0.0000000000000000     
   58.163501767345998        207.14080998406772        207.14080998406772        0.0000000000000000        0.0000000000000000     
   62.861501748553998        206.92765243076960        206.92765243076960        0.0000000000000000        0.0000000000000000     
   67.862001728552002        206.71148590594359        206.71148590594359        0.0000000000000000        0.0000000000000000     
   73.179001707283987        206.49328250605029        206.49328250605029        0.0000000000000000        0.0000000000000000     
   78.825001684699998        206.27370924472899        206.27370924472899        0.0000000000000000        0.0000000000000000     
   84.813001660748000        206.05292823382663        206.05292823382663        0.0000000000000000        0.0000000000000000     
   91.154501635381990        205.83086227037691        205.83086227037691        0.0000000000000000        0.0000000000000000     
   97.860001608559998        205.60818074761374        205.60818074761374        0.0000000000000000        0.0000000000000000     
   104.94050158023802        205.38561033909750        205.38561033909750        0.0000000000000000        0.0000000000000000     
   112.40900155036400        205.15888495133194        205.15888495133194        0.0000000000000000        0.0000000000000000     
   120.27700151889199        204.91960882369384        204.91960882369384        0.0000000000000000        0.0000000000000000     
   128.55450148578200        204.66979755693322        204.66979755693322        0.0000000000000000        0.0000000000000000     
   137.25150145099400        204.41143819966513        204.41143819966513        0.0000000000000000        0.0000000000000000     
   146.36750141453001        204.14159126791566        204.14159126791566        0.0000000000000000        0.0000000000000000     
   155.91300137634801        203.86167128238603        203.86167128238603        0.0000000000000000        0.0000000000000000     
   165.90800133636799        203.57409725786178        203.57409725786178        0.0000000000000000        0.0000000000000000     
   176.33200129467198        203.28069470431896        203.28069470431896        0.0000000000000000        0.0000000000000000     
   187.21550125113797        202.98414415444307        202.98414415444307        0.0000000000000000        0.0000000000000000     
   198.54800120580799        202.68519218548769        202.68519218548769        0.0000000000000000        0.0000000000000000     
   210.33050115867800        202.38529351144521        202.38529351144521        0.0000000000000000        0.0000000000000000     
   222.56150110975398        202.08535293075650        202.08535293075650        0.0000000000000000        0.0000000000000000     
   235.24250105902999        201.78604922872304        201.78604922872304        0.0000000000000000        0.0000000000000000     
   248.37250100650999        201.48792402097186        201.48792402097186        0.0000000000000000        0.0000000000000000     
   261.94200095223198        201.19145506944352        201.19145506944352        0.0000000000000000        0.0000000000000000     
   275.94050089623795        200.89726715097817        200.89726715097817        0.0000000000000000        0.0000000000000000     
   290.37850083848599        200.60589500120173        200.60589500120173        0.0000000000000000        0.0000000000000000     
   305.21600077913598        200.31518758689629        200.31518758689629        0.0000000000000000        0.0000000000000000     
   320.46300071814801        200.02210216235218        200.02210216235218        0.0000000000000000        0.0000000000000000     
   336.09900065560396        199.72773182508919        199.72773182508919        0.0000000000000000        0.0000000000000000     
   352.10500059158005        199.43356480089645        199.43356480089645        0.0000000000000000        0.0000000000000000     
   368.46000052616000        199.14086926892173        199.14086926892173        0.0000000000000000        0.0000000000000000     
   385.15450045938201        198.85068216393793        198.85068216393793        0.0000000000000000        0.0000000000000000     
   402.14850039140600        198.56361720857615        198.56361720857615        0.0000000000000000        0.0000000000000000     
   419.43250032227002        198.28069214293336        198.28069214293336        0.0000000000000000        0.0000000000000000     
   436.96600025213610        198.00221323497595        198.00221323497595        0.0000000000000000        0.0000000000000000     
   454.73900018104393        197.72885038666195        197.72885038666195        0.0000000000000000        0.0000000000000000     
   472.70150010919400        197.46070087509491        197.46070087509491        0.0000000000000000        0.0000000000000000     
   500.00000000000000        197.19840774613522        197.19840774613522        0.0000000000000000        0.0000000000000000     
   0.0000000000000000        196.81312985434366        196.81312985434366        0.0000000000000000        0.0000000000000000     
