   9.9999997473787525E-007   684.97738319635391        684.97879552841187        255.76989540224895     
  0.10740500000000001        684.93500125408173        684.93500834703445        255.77005079621449     
  0.12361599999999999        684.92221271991730        684.92096874117851        255.76999386493117     
  0.14388199999999998        684.90939056873322        684.90625062584877        255.77228680811822     
  0.16600199966799495        684.89824473857880        684.89216858148575        255.77483945433050     
  0.19200199961599496        684.88567778468132        684.87724530696869        255.77498941961676     
  0.22100199955799496        684.87432256340981        684.86230558156967        255.77534877602011     
  0.25500199948999497        684.86230894923210        684.84640881419182        255.77423729840666     
  0.29300199941399496        684.85017275810242        684.83019244670868        255.77362849656492     
  0.33700199932599495        684.83870467543602        684.81252861022949        255.77282105479389     
  0.38600199922799500        684.82551938295364        684.79430618882179        255.77234943211079     
  0.44300199911399496        684.81231781840324        684.77418094873428        255.77185342460871     
  0.50700199898599496        684.79903283715248        684.75301122665405        255.77087303251028     
  0.58000199883999493        684.78576606512070        684.73027056455612        255.76976154744625     
  0.66300199867399490        684.77086949348450        684.70540821552277        255.76880492269993     
  0.75600199848799510        684.75390690565109        684.67875900864601        255.76744427997619     
  0.86200199827599500        684.74106058478355        684.64934134483337        255.76730771828443     
  0.98200199803599508        684.72448492050171        684.61734202504158        255.76691513974220     
   1.1170019977659948        684.70249456167221        684.58001378178596        255.76585244107991     
   1.2690019974619948        684.67988920211792        684.53585407137871        255.76525534503162     
   1.4400019971199951        684.65260857343674        684.48506435751915        255.76354656647891     
   1.6330019967339948        684.62244814634323        684.42688456177711        255.76423890609294     
   1.8490019963019946        684.58513513207436        684.36216545104980        255.76295300479978     
   2.0920019958159952        684.54699206352234        684.29026263952255        255.76162400282919     
   2.3640019952719951        684.50380864739418        684.21179664134979        255.76165313925594     
   2.6680019946639946        684.46310517191887        684.12663379311562        255.76170650590211     
   3.0080019939839944        684.41763779520988        684.03486439585686        255.76017217617482     
   3.3870019932259949        684.36945512890816        683.93653365969658        255.75972380768508     
   3.8100019923799948        684.32311102747917        683.83134752511978        255.75989073980600     
   4.2810019914379946        684.27242800593376        683.71884045004845        255.75731061957777     
   4.8050019903899956        684.22254942357540        683.59873612225056        255.75563176069409     
   5.3870019892259950        684.17436103522778        683.47036129236221        255.75691046845168     
   6.0330019879339956        684.12329109013081        683.33293236792088        255.75661597121507     
   6.7490019865019937        684.07285065948963        683.18551647663116        255.75695203244686     
   7.5420019849159949        684.02395842969418        683.02666793763638        255.75624524615705     
   8.4180019831639950        683.97076502442360        682.85562920570374        255.75556692946702     
   9.3860019812279951        683.91731280088425        682.67061725258827        255.75507640559226     
   10.453001979093994        683.85996435582638        682.46845491230488        255.75945527851582     
   11.628001976743995        683.79326914250851        682.24240019917488        255.75838503334671     
   12.922001974155995        683.71698851883411        681.99191676080227        255.75856778025627     
   14.343001971313996        683.63196736574173        681.71677663922310        255.76052896864712     
   15.903001968193996        683.53949901461601        681.41635476052761        255.76189738232642     
   17.613001964773996        683.43953634798527        681.09002934396267        255.76109216734767     
   19.485001961029994        683.33467946946621        680.73720365017653        255.76115357689559     
   21.531001956937995        683.22079665213823        680.35389272123575        255.75935453362763     
   23.768001952463997        683.09672844409943        679.93604515492916        255.75626775622368     
   26.206001947587996        682.96463212370872        679.48558016866446        255.75489920936525     
   28.864001942271997        682.82569867372513        679.00131525844336        255.75086348876357     
   31.754001936491992        682.67811273038387        678.48247916996479        255.74370954744518     
   34.897001930205995        682.52828545123339        677.92715307325125        255.73945540562272     
   38.306001923387996        682.37476366013288        677.33513045310974        255.73251845687628     
   42.002001915995990        682.21119851619005        676.70489177107811        255.72303326986730     
   46.004001907991999        682.04620912671089        676.03521709889174        255.71352935396135     
   50.332001899335999        681.87434216588736        675.32460317760706        255.70262340828776     
   55.004001889991990        681.69477783143520        674.56608716025949        255.68902624398470     
   60.045001879909996        681.50591158494353        673.75812491029501        255.66972561925650     
   65.473001869054002        681.30968730896711        672.90045655891299        255.65004688128829     
   71.314001857371991        681.10026986896992        671.99126878008246        255.62851952016354     
   77.588001844824007        680.88569249957800        671.02939989417791        255.60354036837816     
   84.322001831355990        680.65997302159667        670.01246251910925        255.57226088270545     
   91.539001816921996        680.42023105546832        668.93864869140089        255.53559166565537     
   99.261001801478002        680.17549965530634        667.80634868331254        255.49440498277545     
   107.51700178496600        679.90775165334344        666.60631067678332        255.46057914197445     
   116.32700176734599        679.61735588125885        665.33647428452969        255.41084322705865     
   125.72300174855400        679.30820742622018        663.99562916718423        255.36017194762826     
   135.72400172855200        678.97385888546705        662.58437942899764        255.30445238947868     
   146.35800170728399        678.61870261747390        661.10210615769029        255.27418015897274     
   157.65000168470002        678.24013603664935        659.54613720253110        255.22115468978882     
   169.62600166074802        677.82847729511559        657.91215116670355        255.17725162580609     
   182.30900163538200        677.38792666140944        656.19952900684439        255.15643700957298     
   195.72000160856001        461.10738265141845        240.74333027878311        39.313052424371563     
   209.88100158023801        460.21707108244300        240.05530142912176        38.727147767767747     
   224.81800155036399        459.24763826467097        239.31984531661146        38.066704854802083     
   240.55400151889199        458.17971062660217        238.52985521533992        37.368180949884845     
   257.10900148578196        456.99609610531479        237.67745713342447        36.632811083625711     
   274.50300145099402        455.68055232241750        236.75505239550694        35.888608634686534     
   292.73500141453002        454.22393354214728        235.75945816936837        35.096849017892964     
   311.82600137634796        452.61279067769647        234.68482599673303        34.243716740624222     
   331.81600133636800        450.82519659772515        233.52280694462650        33.380009668602725     
   352.66400129467200        448.85215100273490        232.26919780337133        32.443232054305554     
   374.43100125113801        446.67584070190787        230.91339483045542        31.463109329801227     
   397.09600120580797        444.28382506221533        229.45040332874632        30.461579981376417     
   420.66100115867795        441.67450238205492        227.87833948074999        29.429647608936648     
   445.12300110975394        438.84407397359610        226.19695769437573        28.318874631175277     
   470.48500105902997        435.79828323889524        224.40810740459753        27.163638706584607     
   496.74500100650999        432.53161667520180        222.51171169430017        25.964231313300843     
   523.88400095223199        429.02951360144652        220.49920443026349        24.753787556648604     
   551.88100089623799        425.28991792397574        218.37093467928935        23.467832358655869     
   580.75700083848596        421.33505815558601        216.13731323069078        22.138469823546984     
   610.43200077913593        417.19916991435457        213.81836566475977        20.768020556814008     
   640.92600071814798        412.90169969084673        211.42650792580298        19.355481958975361     
   672.19800065560401        408.46377166931052        208.97743175448511        17.926895231309572     
   704.21000059157984        403.90721540484810        206.48519049421287        16.432193205500653     
   736.92000052616004        399.24570217588916        203.95873406177833        14.898888013888609     
   770.30900045938188        394.48525445332052        201.40201008587869        13.327086597981179     
   804.29700039140607        389.62024538707919        198.81225453409496        11.728781282382442     
   838.86500032227002        384.60438158537727        196.16675885084004        10.081142940047812     
   873.93200025213605        379.47887717525009        193.48477219867993        8.3966704042493348     
   909.47800018104385        374.27144283789676        190.78092884247187        6.6716400373281886     
   945.40300010919395        369.01718818332301        188.07500492666856        4.9084398843966710     
   1000.0000000000000        360.90049174054730        183.94769517087434        2.1407201069176205     
