   1.9999999949504854E-006   5.4157476804372266E-004   0.0000000000000000        5.4157476804372266E-004   135.09505667425995     
   8.3001999667994944E-002   5.4157476804372266E-004   0.0000000000000000        5.4157476804372266E-004   135.09505667425995     
   9.6001999615994954E-002  0.47271039316100183        0.0000000000000000       0.47271039316100183        135.09518690139441     
  0.11050199955799496       0.51335564931433808        0.0000000000000000       0.51335564931433808        135.09518766891131     
  0.12750199948999497       0.55186160918601457        0.0000000000000000       0.55186160918601457        135.09518901163710     
  0.14650199941399497       0.59556027190304184        0.0000000000000000       0.59556027190304184        135.09919336654133     
  0.16850199932599497       0.64239207733413251        0.0000000000000000       0.64239207733413251        135.09919413405822     
  0.19300199922799496       0.69405445447175651        0.0000000000000000       0.69405445447175651        135.10533610618893     
  0.22150199911399493       0.74846439487853045        0.0000000000000000       0.74846439487853045        135.10933733011979     
  0.25350199898599496       0.80800716222147762        0.0000000000000000       0.80800716222147762        135.10933944493985     
  0.29000199883999495       0.87046936743625369        0.0000000000000000       0.87046936743625369        135.11813264413001     
  0.33150199867399494       0.93671025292804588        0.0000000000000000       0.93671025292804588        135.12527309754614     
  0.37800199848799498        1.0063426294230919        0.0000000000000000        1.0063426294230919        135.12527835348618     
  0.43100199827599495        1.0781088991549819        0.0000000000000000        1.0781088991549819        135.12528523263109     
  0.49100199803599492        1.1529994857859502        0.0000000000000000        1.1529994857859502        135.14021731740627     
  0.55850199776599496        1.2301862939158614        0.0000000000000000        1.2301862939158614        135.14023214197113     
  0.63450199746199498        1.3088340648095251        0.0000000000000000        1.3088340648095251        135.15046423508005     
  0.72000199711999502        1.3886400961948293        0.0000000000000000        1.3886400961948293        135.15412756965389     
  0.81650199673399504        1.4691373281183526        0.0000000000000000        1.4691373281183526        135.16602711116190     
  0.92450199630199492        1.5501591692413619        0.0000000000000000        1.5501591692413619        135.17105602635576     
   1.0460019958159950        1.6305932102606200        0.0000000000000000        1.6305932102606200        135.19690512017735     
   1.1820019952719951        1.7185823519473256        0.0000000000000000        1.7185823519473256        135.22318305961184     
   1.3340019946639949        1.8318792957392747        0.0000000000000000        1.8318792957392747        135.26186828302212     
   1.5040019939839948        1.9577589841270309        0.0000000000000000        1.9577589841270309        135.26526557528544     
   1.6935019932259947        2.0871026439954483        0.0000000000000000        2.0871026439954483        135.30999380725657     
   1.9050019923799950        2.2125895862465867        0.0000000000000000        2.2125895862465867        135.31567082096382     
   2.1405019914379948        2.3319954072170592        0.0000000000000000        2.3319954072170592        135.32048105604341     
   2.4025019903899949        2.4452404180568101        0.0000000000000000        2.4452404180568101        135.42126322338717     
   2.6935019892259953        2.5537951635891982        0.0000000000000000        2.5537951635891982        135.42151484340465     
   3.0165019879339949        2.6586945610836921        0.0000000000000000        2.6586945610836921        135.45180955502417     
   3.3745019865019947        2.7619881879161636        0.0000000000000000        2.7619881879161636        135.47423205357302     
   3.7710019849159950        2.8640841008606497        0.0000000000000000        2.8640841008606497        135.49166419655120     
   4.2090019831639953        2.9655931155564459        0.0000000000000000        2.9655931155564459        135.58940772167540     
   4.6930019812279955        3.0665800389915243        0.0000000000000000        3.0665800389915243        135.60688660828282     
   5.2265019790939951        3.1675531234364978        0.0000000000000000        3.1675531234364978        135.64646254038490     
   5.8140019767439943        3.2684395889972899        0.0000000000000000        3.2684395889972899        135.68085175770574     
   6.4610019741559945        3.3693226133670633        0.0000000000000000        3.3693226133670633        135.71968952978273     
   7.1715019713139956        3.4704643596565123        0.0000000000000000        3.4704643596565123        135.74330453611404     
   7.9515019681939956        3.5717068290465912        0.0000000000000000        3.5717068290465912        135.77769285751504     
   8.8065019647739948        3.6731678478387177        0.0000000000000000        3.6731678478387177        135.80707063799503     
   9.7425019610299941        3.7748266105145825        0.0000000000000000        3.7748266105145825        135.84043591329180     
   10.765501956937996        3.8767207101425529        0.0000000000000000        3.8767207101425529        135.95446414122779     
   11.884001952463995        3.9894184566230884        0.0000000000000000        3.9894184566230884        135.99028307791721     
   13.103001947587995        4.1171811575318760        0.0000000000000000        4.1171811575318760        136.08703733537877     
   14.432001942271995        4.2559192527896412        0.0000000000000000        4.2559192527896412        136.10869360976514     
   15.877001936491993        4.4024300444739044        0.0000000000000000        4.4024300444739044        136.23860287576164     
   17.448501930205992        4.5537572042868089        0.0000000000000000        4.5537572042868089        136.35721580012643     
   19.153001923387993        4.7079742949476877        0.0000000000000000        4.7079742949476877        136.44855818550087     
   21.001001915995992        4.8632853221240051        0.0000000000000000        4.8632853221240051        136.55374718649199     
   23.002001907992000        5.0186937571773500        0.0000000000000000        5.0186937571773500        136.71674740539777     
   25.166001899335996        5.1734677346857385        0.0000000000000000        5.1734677346857385        136.88661341450285     
   27.502001889991995        5.3271388034650142        0.0000000000000000        5.3271388034650142        137.00822029263634     
   30.022501879909996        5.4792719118733224        0.0000000000000000        5.4792719118733224        137.12858488797363     
   32.736501869053996        5.6297949296472458        0.0000000000000000        5.6297949296472458        137.31627791606942     
   35.657001857371995        5.7786735004330092        0.0000000000000000        5.7786735004330092        137.37843683085637     
   38.794001844823995        5.9258955859910456        0.0000000000000000        5.9258955859910456        137.75292493120341     
   42.161001831355989        6.0714428903584929        0.0000000000000000        6.0714428903584929        137.81342828223561     
   45.769501816921995        6.2154648360003639        0.0000000000000000        6.2154648360003639        138.14284416246369     
   49.630501801477998        6.3581152571454469        0.0000000000000000        6.3581152571454469        138.22524924568683     
   53.758501784965993        6.4994797976014311        0.0000000000000000        6.4994797976014311        138.54635892415104     
   58.163501767345998        6.6462267647053341        0.0000000000000000        6.6462267647053341        139.07668974615677     
   62.861501748553998        6.7991958917406805        0.0000000000000000        6.7991958917406805        139.39049509780520     
   67.862001728552002        6.9572314061527756        0.0000000000000000        6.9572314061527756        139.93893841906640     
   73.179001707283987        7.1191606007606429        0.0000000000000000        7.1191606007606429        140.05101907656910     
   78.825001684699998        7.2843559208630673        0.0000000000000000        7.2843559208630673        140.51677879444429     
   84.813001660748000        7.4866039482384652        0.0000000000000000        7.4866039482384652        141.12122247335765     
   91.154501635381990        7.7505785893349293        0.0000000000000000        7.7505785893349293        141.80845640011526     
   97.860001608559998        8.0381090829838620        0.0000000000000000        8.0381090829838620        142.42168134655481     
   104.94050158023802        8.3366530556992373        0.0000000000000000        8.3366530556992373        143.53481576067986     
   112.40900155036400        8.6563765111705049        0.0000000000000000        8.6563765111705049        145.24869724649898     
   120.27700151889199        9.3528283991420160        0.0000000000000000        9.3528283991420160        147.09489989933311     
   128.55450148578200        10.198863497627263        0.0000000000000000        10.198863497627263        148.38332738003768     
   137.25150145099400        11.160020903351629        0.0000000000000000        11.160020903351629        149.79810947433418     
   146.36750141453001        12.300892733095200        0.0000000000000000        12.300892733095200        151.19137504237148     
   155.91300137634801        13.622692432793711        0.0000000000000000        13.622692432793711        152.84707841542325     
   165.90800133636799        15.110446083864595        0.0000000000000000        15.110446083864595        154.45836796901955     
   176.33200129467198        16.759372067880950        0.0000000000000000        16.759372067880950        156.10337222645916     
   187.21550125113797        18.573845371980642        0.0000000000000000        18.573845371980642        157.85260742772846     
   198.54800120580799        20.549789841434333        0.0000000000000000        20.549789841434333        159.95888447398619     
   210.33050115867800        22.687432286238018        0.0000000000000000        22.687432286238018        161.82191024584517     
   222.56150110975398        24.994215676369244        0.0000000000000000        24.994215676369244        163.93450984547621     
   235.24250105902999        27.468404340958973        0.0000000000000000        27.468404340958973        166.22487220188640     
   248.37250100650999        30.100609957000440        0.0000000000000000        30.100609957000440        168.38584269694442     
   261.94200095223198        32.901090192856714        0.0000000000000000        32.901090192856714        170.64883832778796     
   275.94050089623795        35.864075933997931        0.0000000000000000        35.864075933997931        173.18712166008140     
   290.37850083848599        38.968482279760295        0.0000000000000000        38.968482279760295        175.55165094493901     
   305.21600077913598        42.312685573724430        0.0000000000000000        42.312685573724430        178.06729172445296     
   320.46300071814801        46.036199758345468        0.0000000000000000        46.036199758345468        180.65429279435139     
   336.09900065560396        50.049579535750354        0.0000000000000000        50.049579535750354        183.43836302583207     
   352.10500059158005        54.277736621480500        0.0000000000000000        54.277736621480500        186.16491861534871     
   368.46000052616000        58.675273303680967        0.0000000000000000        58.675273303680967        188.96806287550709     
   385.15450045938201        63.205474345864424        0.0000000000000000        63.205474345864424        191.86970224858430     
   402.14850039140600        67.835864256935821        0.0000000000000000        67.835864256935821        194.75775145147236     
   419.43250032227002        72.528468978647382        0.0000000000000000        72.528468978647382        197.55972032888459     
   436.96600025213610        77.269005987265857        0.0000000000000000        77.269005987265857        200.29116121648823     
   454.73900018104393        82.042945295142417        0.0000000000000000        82.042945295142417        202.93599879825337     
   472.70150010919400        86.830260094681179        0.0000000000000000        86.830260094681179        205.43710763560085     
   500.00000000000000        91.603442759851390        0.0000000000000000        91.603442759851390        207.77107926164456     
   0.0000000000000000        98.682904505004615        0.0000000000000000        98.682904505004615        210.09912820578194     
