   9.9999997473787525E-007  -5.2040002060493862E-005   0.0000000000000000        254.54462921619415     
   1.0740499999999999        7.1001951833786769E-002   0.0000000000000000        254.61571609973907     
   1.2361599999999999       0.11688082097271035        0.0000000000000000        254.61575251817703     
   1.4388200000000000       0.15554048863521075        0.0000000000000000        254.61579853296280     
   1.6600199966799494       0.18987587192475530        0.0000000000000000        254.61585026979446     
   1.9200199961599496       0.22466805297885628        0.0000000000000000        254.61590820550919     
   2.2100199955799495       0.25894628449665902        0.0000000000000000        254.61597377061844     
   2.5500199948999498       0.29518267765109840        0.0000000000000000        254.61604768037796     
   2.9300199941399501       0.33211858023486229        0.0000000000000000        254.61612999439240     
   3.3700199932599499       0.37157405499698370        0.0000000000000000        254.61622416973114     
   3.8600199922799501       0.41234086466693043        0.0000000000000000        254.61632847785950     
   4.4300199911399494       0.45660778581543582        0.0000000000000000        254.61645168066025     
   5.0700199898599490       0.50305811980558701        0.0000000000000000        254.61658614873886     
   5.8000199883999493       0.55268866036735176        0.0000000000000000        254.61673676967621     
   6.6300199867399492       0.60557855644234238        0.0000000000000000        254.61690849065781     
   7.5600199848799505       0.66114056530912535        0.0000000000000000        254.61710023880005     
   8.6200199827599491       0.72058605953895949        0.0000000000000000        254.61731559038162     
   9.8200199803599499       0.78376999486840759        0.0000000000000000        254.61756038665771     
   11.170019977659949       0.85845518078247096        0.0000000000000000        254.61783123016357     
   12.690019974619947       0.94733746706185684        0.0000000000000000        254.61813312768936     
   14.400019971199949        1.0503688724725180        0.0000000000000000        254.61847203969955     
   16.330019967339947        1.1681249618759466        0.0000000000000000        254.61885344982147     
   18.490019963019947        1.2998006449136028        0.0000000000000000        254.61927700042725     
   20.920019958159951        1.4463820225537347        0.0000000000000000        254.61975336074829     
   23.640019952719950        1.6073753742252848        0.0000000000000000        254.62028098106384     
   26.680019946639948        1.7826921781384044        0.0000000000000000        254.62086772918701     
   30.080019939839943        1.9725880973646781        0.0000000000000000        254.62152224779129     
   33.870019932259950        2.1764377557392436        0.0000000000000000        254.62224858999252     
   38.100019923799948        2.3944525320839603        0.0000000000000000        254.62305420637131     
   42.810019914379943        2.6259646708795117        0.0000000000000000        254.62394869327545     
   48.050019903899958        2.8705551293187455        0.0000000000000000        254.62493896484375     
   53.870019892259954        3.1379110898315048        0.0000000000000000        254.62605679035187     
   60.330019879339950        3.4354965503662243        0.0000000000000000        254.62732303142548     
   67.490019865019946        3.7603075568058557        0.0000000000000000        254.62876236438751     
   75.420019849159956        4.1091887290258455        0.0000000000000000        254.63039135932922     
   84.180019831639953        4.4780974812001659        0.0000000000000000        254.63223260641098     
   93.860019812279958        4.8639960100072415        0.0000000000000000        254.63430988788605     
   104.53001979093995        5.2758793626733222        0.0000000000000000        254.63670623302460     
   116.28001976743995        5.7379487963985412        0.0000000000000000        254.63953584432602     
   129.22001974155992        6.2364561938323533        0.0000000000000000        254.64288938045502     
   143.43001971313996        6.7559629525260192        0.0000000000000000        254.64684087038040     
   159.03001968193996        7.2834847724165854        0.0000000000000000        254.65147000551224     
   176.13001964773997        7.8074379270858714        0.0000000000000000        254.65689045190811     
   194.85001961029994        8.3191022344029193        0.0000000000000000        254.66319680213928     
   215.31001956937996        8.9809953657527899        0.0000000000000000        254.67081439495087     
   237.68001952463999        9.6828595268223125        0.0000000000000000        254.68014138936996     
   262.06001947587998        10.386317707590877        0.0000000000000000        254.69145664572716     
   288.64001942272000        11.090006127822903        0.0000000000000000        254.70503285527229     
   317.54001936491989        11.794930457124110        0.0000000000000000        254.72116312384605     
   348.97001930205994        12.505695873305513        0.0000000000000000        254.74018442630768     
   383.06001923387993        13.224904436785891        0.0000000000000000        254.76243907213211     
   420.02001915995993        13.956459144369092        0.0000000000000000        254.78830868005753     
   460.04001907991994        14.702957726783552        0.0000000000000000        254.81819096207619     
   503.32001899336001        15.466287720249966        0.0000000000000000        254.85256201028824     
   550.04001889991991        16.275557765114172        0.0000000000000000        254.89356005191803     
   600.45001879909989        17.133092034697256        0.0000000000000000        254.94227972626686     
   654.73001869053996        18.036704439901769        0.0000000000000000        254.99977022409439     
   713.14001857372000        18.984742600734535        0.0000000000000000        255.06728371977806     
   775.88001844823998        19.973770794164011        0.0000000000000000        255.14629843831062     
   843.22001831355999        21.000834166854474        0.0000000000000000        255.23852673172951     
   915.39001816921984        22.061788613875251        0.0000000000000000        255.34597703814507     
   992.61001801477994        23.151979074591509        0.0000000000000000        255.47112783789635     
   1075.1700178496599        24.308176847109280        0.0000000000000000        255.62253847718239     
   1163.2700176734600        25.536415980051970        0.0000000000000000        255.80731770396233     
   1257.2300174855400        26.827913165790960        0.0000000000000000        256.03308323025703     
   1357.2400172855198        28.170733786537312        0.0000000000000000        256.31071436405182     
   1463.5800170728398        29.553607891633874        0.0000000000000000        256.68871459364891     
   1576.5000168470003        31.060716676787706        0.0000000000000000        257.20322889089584     
   1696.2600166074801        32.796098484424874        0.0000000000000000        257.88371044397354     
   1823.0900163538201        34.701003755501006        0.0000000000000000        258.65215757489204     
   1957.2000160856001        36.732486252731178        0.0000000000000000        259.55475714802742     
   2098.8100158023799        38.877157511771657        0.0000000000000000        260.73266425728798     
   2248.1800155036399        42.469833840616047        0.0000000000000000        262.81575629115105     
   2405.5400151889203        47.377187934005633        0.0000000000000000        265.15622642636299     
   2571.0900148578194        53.486128946184181        0.0000000000000000        267.77699142694473     
   2745.0300145099400        60.671800733311102        0.0000000000000000        270.69194865226746     
   2927.3500141453005        68.763132251799107        0.0000000000000000        273.93740463256836     
   3118.2600137634795        77.600223506335169        0.0000000000000000        277.50622504949570     
   3318.1600133636798        87.081255239900202        0.0000000000000000        281.42480921745300     
   3526.6400129467197        97.123636332340539        0.0000000000000000        285.68543827533722     
   3744.3100125113797        107.72689091600478        0.0000000000000000        290.30767363309860     
   3970.9600120580803        118.86334055103362        0.0000000000000000        295.33061712980270     
   4206.6100115867794        130.39627963863313        0.0000000000000000        300.64251405000687     
   4451.2300110975393        142.18579419143498        0.0000000000000000        306.30945873260498     
   4704.8500105902995        154.18519806489348        0.0000000000000000        312.31025803089142     
   4967.4500100651003        166.36022183299065        0.0000000000000000        318.70484113693237     
   5238.8400095223205        178.62936303764582        0.0000000000000000        325.42840516567230     
   5518.8100089623804        190.91761483997107        0.0000000000000000        332.64400494098663     
   5807.5700083848606        203.19283805042505        0.0000000000000000        340.23171663284302     
   6104.3200077913598        215.53866678476334        0.0000000000000000        348.05806362628937     
   6409.2600071814795        228.14470575749874        0.0000000000000000        356.28976058959961     
   6721.9800065560394        241.17725156247616        0.0000000000000000        364.83503794670105     
   7042.1000059157986        254.72139430046082        0.0000000000000000        373.66023087501526     
   7369.2000052616004        268.85223788022995        0.0000000000000000        382.49407625198364     
   7703.0900045938197        283.59919372200966        0.0000000000000000        391.38217866420746     
   8042.9700039140598        299.79272496700287        0.0000000000000000        400.10447573661804     
   8388.6500032227013        319.48013657331467        0.0000000000000000        409.37500441074371     
   8739.3200025213609        341.07367336750031        0.0000000000000000        418.71332204341888     
   9094.7800018104390        363.05686134099960        0.0000000000000000        427.95574688911438     
   9454.0300010919400        384.23590552806854        0.0000000000000000        437.28881347179413     
   10000.000000000000        413.12008464336395        0.0000000000000000        447.87772440910339     
