   9.9999997473787525E-007  -5.6155357697207364E-007   0.0000000000000000        214.19676715135574     
  0.10740500000000001       0.58787701348296650        0.0000000000000000        214.78464516997337     
  0.12361599999999999        1.0040007033235270        0.0000000000000000        214.79261413216591     
  0.14388199999999998        1.3249848258149939        0.0000000000000000        214.79261747002602     
  0.16600199966799495        1.6008001501515992        0.0000000000000000        214.79262128472328     
  0.19200199961599496        1.8762784376481250        0.0000000000000000        214.79262605309486     
  0.22100199955799496        2.1453970235870656        0.0000000000000000        214.80638042092323     
  0.25500199948999497        2.4265649324279366        0.0000000000000000        214.81949415802956     
  0.29300199941399496        2.7086964570062264        0.0000000000000000        214.82625547051430     
  0.33700199932599495        3.0037353225015977        0.0000000000000000        214.82626429200172     
  0.38600199922799500        3.3012277690759220        0.0000000000000000        214.84091308712959     
  0.44300199911399496        3.6152460368539323        0.0000000000000000        214.84092596173286     
  0.50700199898599496        3.9350039641831245        0.0000000000000000        214.85800793766975     
  0.58000199883999493        4.2659359373174084        0.0000000000000000        214.87665858864784     
  0.66300199867399490        4.6069758884514158        0.0000000000000000        214.87667840719223     
  0.75600199848799510        4.9530715078053618        0.0000000000000000        214.90477871894836     
  0.86200199827599500        5.3100182783800847        0.0000000000000000        214.94618463516235     
  0.98200199803599508        5.6748892784580676        0.0000000000000000        214.95996761322021     
   1.1170019977659948        6.1553757610266757        0.0000000000000000        215.03372868895531     
   1.2690019974619948        6.7546286388345038        0.0000000000000000        215.08521389961243     
   1.4400019971199951        7.4272774739918574        0.0000000000000000        215.12758755683899     
   1.6330019967339948        8.1352245933971261        0.0000000000000000        215.14281457662582     
   1.8490019963019946        8.8411199721739067        0.0000000000000000        215.19830757379532     
   2.0920019958159952        9.5288002217374554        0.0000000000000000        215.21658989787102     
   2.3640019952719951        10.184407902689387        0.0000000000000000        215.24542713165283     
   2.6680019946639946        10.805050947303101        0.0000000000000000        215.26912215352058     
   3.0080019939839944        11.394623274397958        0.0000000000000000        215.35279396176338     
   3.3870019932259949        11.957498844194731        0.0000000000000000        215.38552641868591     
   3.8100019923799948        12.501503958279159        0.0000000000000000        215.42142641544342     
   4.2810019914379946        13.031520541339290        0.0000000000000000        215.44830149412155     
   4.8050019903899956        13.551765965500636        0.0000000000000000        215.49799588322639     
   5.3870019892259950        14.064547132053804        0.0000000000000000        215.65870571136475     
   6.0330019879339956        14.571515488578598        0.0000000000000000        215.69817268848419     
   6.7490019865019937        15.073164316061821        0.0000000000000000        215.75279176235199     
   7.5420019849159949        15.569877511644108        0.0000000000000000        215.79523351788521     
   8.4180019831639950        16.060875808876290        0.0000000000000000        215.85979437828064     
   9.3860019812279951        16.546659758245028        0.0000000000000000        215.94359928369522     
   10.453001979093994        17.051009848760458        0.0000000000000000        216.04556629061699     
   11.628001976743995        17.622672899494717        0.0000000000000000        216.26849386096001     
   12.922001974155995        18.237251402858305        0.0000000000000000        216.31725552678108     
   14.343001971313996        18.871825676636263        0.0000000000000000        216.36481124162674     
   15.903001968193996        19.509582092458004        0.0000000000000000        216.42980557680130     
   17.613001964773996        20.137273668130774        0.0000000000000000        216.53196048736572     
   19.485001961029994        20.745719237573212        0.0000000000000000        216.91117015480995     
   21.531001956937995        21.437483358778991        0.0000000000000000        217.01772177219391     
   23.768001952463997        22.097141129022930        0.0000000000000000        217.11716911196709     
   26.206001947587996        22.718831519683590        0.0000000000000000        217.27361759543419     
   28.864001942271997        23.311710564419627        0.0000000000000000        217.80772539973259     
   31.754001936491992        23.880586260231212        0.0000000000000000        217.86722609400749     
   34.897001930205995        24.430223266128451        0.0000000000000000        218.04776325821877     
   38.306001923387996        24.963174465578049        0.0000000000000000        218.15111762285233     
   42.002001915995990        25.483281952911057        0.0000000000000000        218.43696358799934     
   46.004001907991999        25.994055411021691        0.0000000000000000        218.74821624159813     
   50.332001899335999        26.499090314202476        0.0000000000000000        219.40691584348679     
   55.004001889991990        27.027592116617598        0.0000000000000000        219.68259558081627     
   60.045001879909996        27.580487992730923        0.0000000000000000        220.05239060521126     
   65.473001869054002        28.156756805605255        0.0000000000000000        220.66760250926018     
   71.314001857371991        28.756901719258167        0.0000000000000000        221.20117828249931     
   77.588001844824007        29.380866748979315        0.0000000000000000        221.71405082941055     
   84.322001831355990        30.029174711788073        0.0000000000000000        222.37041437625885     
   91.539001816921996        30.701693235198036        0.0000000000000000        223.16772651672363     
   99.261001801478002        31.397949160775170        0.0000000000000000        223.90466076135635     
   107.51700178496600        32.161066089756787        0.0000000000000000        225.26129704713821     
   116.32700176734599        33.001048028469086        0.0000000000000000        225.93565699458122     
   125.72300174855400        33.912676942534745        0.0000000000000000        226.99543431401253     
   135.72400172855200        34.889123294502497        0.0000000000000000        228.70668664574623     
   146.35800170728399        35.924227472394705        0.0000000000000000        231.27533853054047     
   157.65000168470002        37.126076884567738        0.0000000000000000        233.22091051936150     
   169.62600166074802        38.578625898808241        0.0000000000000000        235.12808117270470     
   182.30900163538200        40.169022928923368        0.0000000000000000        237.08396983146667     
   195.72000160856001        41.862154942937195        0.0000000000000000        238.79681366682053     
   209.88100158023801        43.660646090283990        0.0000000000000000        241.12876793742180     
   224.81800155036399        47.005427703261375        0.0000000000000000        244.22965806722641     
   240.55400151889199        51.373693946748972        0.0000000000000000        248.08929955959320     
   257.10900148578196        56.693371310830116        0.0000000000000000        251.97737264633179     
   274.50300145099402        62.966027475893497        0.0000000000000000        256.13397231698036     
   292.73500141453002        70.174681115895510        0.0000000000000000        260.56604242324829     
   311.82600137634796        78.301413107663393        0.0000000000000000        265.68211120367050     
   331.81600133636800        87.310813259333372        0.0000000000000000        270.62987834215164     
   352.66400129467200        97.146181315183640        0.0000000000000000        276.07529294490814     
   374.43100125113801        107.76007401198149        0.0000000000000000        281.98161691427231     
   397.09600120580797        119.08335196971893        0.0000000000000000        288.26571613550186     
   420.66100115867795        130.99122226238251        0.0000000000000000        294.31512314081192     
   445.12300110975394        143.42366057634354        0.0000000000000000        300.91100913286209     
   470.48500105902997        156.63698510825634        0.0000000000000000        307.85141307115555     
   496.74500100650999        170.88874067366123        0.0000000000000000        315.04141515493393     
   523.88400095223199        186.07460740208626        0.0000000000000000        322.82261627912521     
   551.88100089623799        201.85416957736015        0.0000000000000000        330.91986691951752     
   580.75700083848596        217.78338682651520        0.0000000000000000        339.06304234266281     
   610.43200077913593        233.49386769533157        0.0000000000000000        347.66522121429443     
   640.92600071814798        248.74017691612244        0.0000000000000000        356.46858596801758     
   672.19800065560401        263.40337026119232        0.0000000000000000        365.76797461509705     
   704.21000059157984        277.40595531463623        0.0000000000000000        374.81649100780487     
   736.92000052616004        290.88692700862885        0.0000000000000000        384.00838875770569     
   770.30900045938188        303.97686886787415        0.0000000000000000        393.08771312236786     
   804.29700039140607        316.93238520622253        0.0000000000000000        402.18229722976685     
   838.86500032227002        330.13012611865997        0.0000000000000000        411.32154572010040     
   873.93200025213605        343.37471830844879        0.0000000000000000        420.21829175949097     
   909.47800018104385        356.62464940547943        0.0000000000000000        428.98786234855652     
   945.40300010919395        369.74834430217743        0.0000000000000000        437.53591442108154     
   1000.0000000000000        388.98175215721130        0.0000000000000000        447.87772393226624     
