   9.9999997473787525E-007   1.0383324710971920E-004   0.0000000000000000        343.36019539833069     
   1.0740500000000002E-002   1.2119852980134738E-003   0.0000000000000000        343.36130356788635     
   1.2361599999999999E-002   6.8482862332501782E-003   0.0000000000000000        343.36130356788635     
   1.4388200000000000E-002   1.5400186271151028E-002   0.0000000000000000        343.36130356788635     
   1.6600199966799494E-002   2.4078465850422504E-002   0.0000000000000000        343.36130356788635     
   1.9200199961599496E-002   3.2646596375158765E-002   0.0000000000000000        343.36130356788635     
   2.2100199955799496E-002   4.0210333723550207E-002   0.0000000000000000        343.36130356788635     
   2.5500199948999498E-002   4.7181686328528372E-002   0.0000000000000000        343.36130356788635     
   2.9300199941399499E-002   5.3420983435714220E-002   0.0000000000000000        343.36130452156067     
   3.3700199932599498E-002   5.9506261663315740E-002   0.0000000000000000        343.36130452156067     
   3.8600199922799498E-002   6.5501951141229142E-002   0.0000000000000000        343.36130547523499     
   4.4300199911399496E-002   7.1922649596942279E-002   0.0000000000000000        343.36130785942078     
   5.0700199898599502E-002   7.8685985413173398E-002   0.0000000000000000        343.36131060123444     
   5.8000199883999494E-002   8.5995951263882375E-002   0.0000000000000000        343.36131441593170     
   6.6300199867399490E-002   9.3902615667772693E-002   0.0000000000000000        343.36131906509399     
   7.5600199848799510E-002  0.10233230202611310        0.0000000000000000        343.36132526397705     
   8.6200199827599508E-002  0.11145236672454928        0.0000000000000000        343.36133301258087     
   9.8200199803599522E-002  0.12120663224486350        0.0000000000000000        343.36134433746338     
  0.11170019977659949       0.13151400063115659        0.0000000000000000        343.36135983467102     
  0.12690019974619948       0.14235130597880641        0.0000000000000000        343.36137759685516     
  0.14400019971199951       0.15366536299670486        0.0000000000000000        343.36140275001526     
  0.16330019967339948       0.16545208509619158        0.0000000000000000        343.36143410205841     
  0.18490019963019946       0.17756138880893957        0.0000000000000000        343.36147022247314     
  0.20920019958159955       0.19002005017755152        0.0000000000000000        343.36151945590973     
  0.23640019952719954       0.20273589579919360        0.0000000000000000        343.36158251762390     
  0.26680019946639949       0.21567893823730344        0.0000000000000000        343.36165952682495     
  0.30080019939839947       0.22886930532835947        0.0000000000000000        343.36175453662872     
  0.33870019932259948       0.24229643943014878        0.0000000000000000        343.36187756061554     
  0.38100019923799949       0.25602534699559953        0.0000000000000000        343.36202776432037     
  0.42810019914379949       0.27008673167880204        0.0000000000000000        343.36220872402191     
  0.48050019903899960       0.28454902924617897        0.0000000000000000        343.36242115497589     
  0.53870019892259957       0.29948091520732589        0.0000000000000000        343.36266911029816     
  0.60330019879339958       0.31496341389110682        0.0000000000000000        343.36295306682587     
  0.67490019865019946       0.33106947638661666        0.0000000000000000        343.36328613758087     
  0.75420019849159958       0.34787467130153971        0.0000000000000000        343.36366975307465     
  0.84180019831639952       0.36541700191882853        0.0000000000000000        343.36411881446838     
  0.93860019812279960       0.38376646558371874        0.0000000000000000        343.36462044715881     
   1.0453001979093994       0.40429947583088222        0.0000000000000000        343.36525392532349     
   1.1628001976743996       0.43040020677453583        0.0000000000000000        343.36616837978363     
   1.2922001974155994       0.46191904704373599        0.0000000000000000        343.36741721630096     
   1.4343001971313996       0.49850887194934046        0.0000000000000000        343.36906003952026     
   1.5903001968193997       0.53983920457885404        0.0000000000000000        343.37114858627319     
   1.7613001964773998       0.58553718130478671        0.0000000000000000        343.37374758720398     
   1.9485001961029993       0.63528150257825189        0.0000000000000000        343.37693583965302     
   2.1531001956937996       0.77725487742827681        0.0000000000000000        343.38084566593170     
   2.3768001952463997       0.91458196999792563        0.0000000000000000        343.38561391830444     
   2.6206001947587998        1.0395422768115168        0.0000000000000000        343.39136326313019     
   2.8864001942272002        1.1614610976976110        0.0000000000000000        343.39824378490448     
   3.1754001936491996        1.2859693477494147        0.0000000000000000        343.40639019012451     
   3.4897001930206000        1.4153753154114384        0.0000000000000000        343.41597986221313     
   3.8306001923388000        1.5496691130210820        0.0000000000000000        343.42719638347626     
   4.2002001915995990        1.6888114042103552        0.0000000000000000        343.45557057857513     
   4.6004001907992000        1.8328924163251941        0.0000000000000000        343.47064495086670     
   5.0332001899336003        1.9821279480929661        0.0000000000000000        343.48799824714661     
   5.5004001889991994        2.1366722775783273        0.0000000000000000        343.50785183906555     
   6.0045001879909998        2.2968397613958587        0.0000000000000000        343.53050422668457     
   6.5473001869054004        2.4626213432547956        0.0000000000000000        343.55624783039093     
   7.1314001857372000        2.6341144985265146        0.0000000000000000        343.58540773391724     
   7.7588001844824008        2.8112097614693994        0.0000000000000000        343.61834251880646     
   8.4322001831355990        2.9939623587606548        0.0000000000000000        343.65545642375946     
   9.1539001816921992        3.1823001704078706        0.0000000000000000        343.69720995426178     
   9.9261001801478006        3.3760841982002319        0.0000000000000000        343.74408197402954     
   10.751700178496600        3.5941949982261576        0.0000000000000000        343.80223321914673     
   11.632700176734600        3.8414368484436636        0.0000000000000000        343.87866055965424     
   12.572300174855400        4.1157279279632348        0.0000000000000000        343.96941006183624     
   13.572400172855200        4.4145722386983834        0.0000000000000000        344.08097422122955     
   14.635800170728398        4.7358756955181889        0.0000000000000000        344.21885728836060     
   15.765000168470003        5.0898517786845332        0.0000000000000000        344.39266800880432     
   16.962600166074800        5.4932774333792622        0.0000000000000000        344.60602164268494     
   18.230900163538202        5.9439382221171400        0.0000000000000000        344.85533070564270     
   19.572000160856003        6.4380658344816766        0.0000000000000000        345.15005481243134     
   20.988100158023805        6.9757538613557699        0.0000000000000000        345.52310192584991     
   22.481800155036400        7.7728384336078307        0.0000000000000000        346.04075074195862     
   24.055400151889202        8.8762841502029914        0.0000000000000000        346.64958357810974     
   25.710900148578197        10.322448389488272        0.0000000000000000        347.32569146156311     
   27.450300145099405        12.166351063729962        0.0000000000000000        348.11186432838440     
   29.273500141453006        14.508347554714419        0.0000000000000000        349.01951050758362     
   31.182600137634800        17.434583320165984        0.0000000000000000        350.10066127777100     
   33.181600133636806        21.014587328652851        0.0000000000000000        351.30349791049957     
   35.266400129467200        25.283005085773766        0.0000000000000000        352.68775439262390     
   37.443100125113801        30.267977380892262        0.0000000000000000        354.20294284820557     
   39.709600120580802        35.975721706403419        0.0000000000000000        355.92155480384827     
   42.066100115867805        42.387873696628958        0.0000000000000000        357.87454950809479     
   44.512300110975403        49.490566681139171        0.0000000000000000        359.94715046882629     
   47.048500105902995        58.234493099153042        0.0000000000000000        362.36961042881012     
   49.674500100651002        68.603987670503557        0.0000000000000000        365.19158029556274     
   52.388400095223204        80.563847006298602        0.0000000000000000        368.41381251811981     
   55.188100089623802        93.929580036550760        0.0000000000000000        372.08506286144257     
   58.075700083848602        108.37825814448297        0.0000000000000000        376.19909429550171     
   61.043200077913596        123.62355333007872        0.0000000000000000        380.56976723670959     
   64.092600071814800        139.49107128009200        0.0000000000000000        385.33234417438507     
   67.219800065560406        156.69905789196491        0.0000000000000000        390.45065093040466     
   70.421000059157990        175.65723787248135        0.0000000000000000        396.13001501560211     
   73.692000052616009        195.25325441360474        0.0000000000000000        402.29309403896332     
   77.030900045938196        214.86967517435551        0.0000000000000000        408.80697345733643     
   80.429700039140613        234.00376777350903        0.0000000000000000        415.50094830989838     
   83.886500032227019        252.28386101126671        0.0000000000000000        422.18821036815643     
   87.393200025213616        269.94317586719990        0.0000000000000000        428.77241456508636     
   90.947800018104388        287.10134240984917        0.0000000000000000        435.12352645397186     
   94.540300010919395        303.79067748785019        0.0000000000000000        441.04702985286713     
   100.00000000000000        328.33686724305153        0.0000000000000000        447.87772464752197     
