   9.9999997473787525E-007   685.01850512623787        685.01962772011757        214.60963052390071     
   1.0740499999999999        684.39349043369293        684.35653126239777        214.61985437417934     
   1.2361599999999999        684.16947947442532        684.09518972039223        214.62908118269479     
   1.4388200000000000        683.97378776967525        683.85351052880287        214.64129717775359     
   1.6600199966799494        683.80233353376389        683.63291676342487        214.65067518367869     
   1.9200199961599496        683.62669363617897        683.39892578125000        214.66589042903979     
   2.2100199955799495        683.44985690712929        683.15833805501461        214.67985425002189     
   2.5500199948999498        683.26478376984596        682.89655278623104        214.69582823648307     
   2.9300199941399501        683.07667017728090        682.62545298784971        214.71299629698842     
   3.3700199932599499        682.88283915072680        682.33381310850382        214.73641016636248     
   3.8600199922799501        682.68963091075420        682.03202819079161        214.76030090846325     
   4.4300199911399494        682.49143429100513        681.70504694432020        214.79064909432054     
   5.0700199898599490        682.29262936115265        681.36339590698481        214.82128025995917     
   5.8000199883999493        682.09093741327524        680.99978747963905        214.85362272331622     
   6.6300199867399492        681.88891524821520        680.61320990324020        214.89464752533604     
   7.5600199848799505        681.68774598091841        680.20669125765562        214.93705676154786     
   8.6200199827599491        681.48542135953903        679.76938802748919        214.98801814179751     
   9.8200199803599499        681.27773454412818        679.29981551691890        215.04885680480584     
   11.170019977659949        681.04800212010741        678.77446346729994        215.10930460754753     
   12.690019974619947        680.79046846926212        678.18758270144463        215.17365622453144     
   14.400019971199949        680.51495918631554        677.53993968665600        215.27216318532010     
   16.330019967339947        680.21885066106915        676.82677436992526        215.35241808532010     
   18.490019963019947        679.90844521857798        676.05048103630543        215.46378621654731     
   20.920019958159951        679.58132130652666        675.20271028019488        215.57606529357145     
   23.640019952719950        679.24079720489681        674.28280484303832        215.68573195866338     
   26.680019946639948        678.88871496170759        673.28654729481786        215.83427040428796     
   30.080019939839943        678.52200349047780        672.20702421572059        215.98313876224711     
   33.870019932259950        678.14494779240340        671.04113323614001        216.12387991402647     
   38.100019923799948        677.75631366483867        669.78035945491865        216.31269744024758     
   42.810019914379943        677.35847514308989        668.42028561513871        216.47858693378657     
   48.050019903899958        676.95130568556488        666.95441371481866        216.72008828326216     
   53.870019892259954        676.52126647345722        665.36443342082202        216.91038181879412     
   60.330019879339950        676.06470613181591        663.63583637494594        217.15564337420074     
   67.490019865019946        675.58693202864379        661.76783030666411        217.37417098975129     
   75.420019849159956        675.09481929522008        659.75727423839271        217.60832299906178     
   84.180019831639953        674.58918392471969        657.60377141647041        217.89598443975410     
   93.860019812279958        674.07413288019598        655.29990463471040        218.15569887469610     
   104.53001979093995        673.54029061738402        652.83064124034718        218.42783162830165     
   116.28001976743995        672.96050800383091        650.16296790167689        218.74094722505833     
   129.22001974155992        672.34336382895708        647.29807535186410        219.07551362148661     
   143.43001971313996        671.69884235039353        644.24246482178569        219.37946635058324     
   159.03001968193996        671.02901743724942        640.99262925423682        219.69059329373704     
   176.13001964773997        670.33430930227041        637.54712888319045        220.00704788639268     
   194.85001961029994        669.61854671780020        633.90338814351708        220.32706652431807     
   215.31001956937996        668.91252918727696        630.09687140118331        220.63949819830304     
   237.68001952463999        668.22195490635931        626.12874066270888        220.93966420313518     
   262.06001947587998        667.54452674929053        622.00207362649962        221.26037564956641     
   288.64001942272000        666.87343033589423        617.70711582573131        221.51992726116441     
   317.54001936491989        666.19992585387081        613.24835311947390        221.74993811434251     
   348.97001930205994        665.51693824119866        608.61858337093145        221.94348871569673     
   383.06001923387993        664.81939926091582        603.82484365580603        222.09430051156960     
   420.02001915995993        664.09668696857989        598.86453780112788        222.19541498641775     
   460.04001907991994        663.34107939340174        593.73995171021670        222.23959816155548     
   503.32001899336001        662.54259871225804        588.45310102310032        222.25430285102630     
   550.04001889991991        661.65187482349575        582.96968353725970        222.19939302053535     
   600.45001879909989        660.65719480346888        577.29372371919453        222.03627348350710     
   654.73001869053996        659.55250334367156        571.44019606150687        221.78988743830996     
   713.14001857372000        658.34036882035434        565.41601493302733        221.45162899870775     
   775.88001844823998        657.00856709294021        559.23544249171391        221.00989386815490     
   843.22001831355999        655.55081615177915        552.90655848709866        220.45614020275389     
   915.39001816921984        653.95896467799321        546.44225385994650        219.81030134227331     
   992.61001801477994        652.22439169604331        539.85659021080937        219.00249121773231     
   1075.1700178496599        650.32551525393501        533.14208326794324        218.05356962576479     
   1163.2700176734600        648.25424977950752        526.31319739054015        216.95104505042400     
   1257.2300174855400        646.00385248404928        519.38099268099904        215.68761051374167     
   1357.2400172855198        643.56822559144348        512.36557690029895        214.25004778584116     
   1463.5800170728398        640.94432756747119        505.27924463610088        212.68807952366842     
   1576.5000168470003        638.11991582601331        498.13141618253007        210.87567809678148     
   1696.2600166074801        635.08020093513187        490.92772090230272        208.85888064264873     
   1823.0900163538201        631.81731101928744        483.67998578708085        206.65602360952289     
   1957.2000160856001        628.32302331941901        476.40041751815670        204.20524697672590     
   2098.8100158023799        624.58818650900503        469.09883666267297        201.52510561858799     
   2248.1800155036399        620.51690519625117        461.69643399519566        198.60791891644658     
   2405.5400151889203        616.07868155871256        454.17984252925635        195.44244723357770     
   2571.0900148578194        611.23418763275549        446.53037579278180        192.01914110729558     
   2745.0300145099400        605.94482542389233        438.72355684390914        188.33277041932251     
   2927.3500141453005        600.19738453426544        430.76557598376741        184.38050939411460     
   3118.2600137634795        593.95890612711082        422.63609257192792        180.18935354474752     
   3318.1600133636798        587.18259387872240        414.30042350105822        175.67934353913552     
   3526.6400129467197        579.85652475417737        405.76283200436785        170.89307410106721     
   3744.3100125113797        571.94094267292530        396.99289268791921        165.81431142429756     
   3970.9600120580803        563.43684941669926        388.00340627607795        160.44814247845261     
   4206.6100115867794        554.36074426987034        378.82005492646584        154.79294389718052     
   4451.2300110975393        544.74403328751214        369.48316972817224        148.84908578443401     
   4704.8500105902995        534.69785349964513        360.10973267625536        142.61609896074469     
   4967.4500100651003        524.23741202388192        350.72145314469515        136.09479013197188     
   5238.8400095223205        513.37822069093818        341.33785105076328        129.29114966948919     
   5518.8100089623804        502.13393418755732        331.97594905586686        122.21062556141442     
   5807.5700083848606        490.49777453664865        322.63338877669872        114.84927645190351     
   6104.3200077913598        478.49077746737021        313.32782370985478        107.22861737252538     
   6409.2600071814795        466.09357474638819        304.04251755332297        99.365452852081262     
   6721.9800065560394        453.31602850658419        294.78633909547256        91.226180726806660     
   7042.1000059157986        440.18627944379659        285.58035698258146        82.843292594777949     
   7369.2000052616004        426.73570744714561        276.45036788836279        74.226497304307713     
   7703.0900045938197        412.98917871014010        267.41857598614854        65.378176021673880     
   8042.9700039140598        399.00057329788456        258.52616774484937        56.315522098923566     
   8388.6500032227013        384.78937793991736        249.79203905206572        47.034677591066838     
   8739.3200025213609        370.39343727564346        241.24470297765882        37.545196779253729     
   9094.7800018104390        355.81471421639162        232.89468507396234        27.829880159362560     
   9454.0300010919400        341.06533087505659        224.76614385137390        17.878061172581511     
   10000.000000000000        318.13482089356694        212.81723318653343        2.1401250627915864     
