   9.9999997473787525E-007   682.21928369998932        682.21928369998932        0.0000000000000000     
  0.10740500000000001        681.99161544442177        681.99161544442177        0.0000000000000000     
  0.12361599999999999        681.91412344574928        681.91412344574928        0.0000000000000000     
  0.14388199999999998        681.84010273218155        681.84010273218155        0.0000000000000000     
  0.16600199966799495        681.77319511771202        681.77319511771202        0.0000000000000000     
  0.19200199961599496        681.70611539483070        681.70611539483070        0.0000000000000000     
  0.22100199955799496        681.64175966382027        681.64175966382027        0.0000000000000000     
  0.25500199948999497        681.57637771964073        681.57637771964073        0.0000000000000000     
  0.29300199941399496        681.51278349757195        681.51278349757195        0.0000000000000000     
  0.33700199932599495        681.44828349351883        681.44828349351883        0.0000000000000000     
  0.38600199922799500        681.38502818346024        681.38502818346024        0.0000000000000000     
  0.44300199911399496        681.31976117193699        681.31976117193699        0.0000000000000000     
  0.50700199898599496        681.25432336330414        681.25432336330414        0.0000000000000000     
  0.58000199883999493        681.18698346614838        681.18698346614838        0.0000000000000000     
  0.66300199867399490        681.11721783876419        681.11721783876419        0.0000000000000000     
  0.75600199848799510        681.04526121914387        681.04526121914387        0.0000000000000000     
  0.86200199827599500        680.96906922757626        680.96906922757626        0.0000000000000000     
  0.98200199803599508        680.88843135535717        680.88843135535717        0.0000000000000000     
   1.1170019977659948        680.79162198305130        680.79162198305130        0.0000000000000000     
   1.2690019974619948        680.67607559263706        680.67607559263706        0.0000000000000000     
   1.4400019971199951        680.54371583461761        680.54371583461761        0.0000000000000000     
   1.6330019967339948        680.39597694575787        680.39597694575787        0.0000000000000000     
   1.8490019963019946        680.23611134290695        680.23611134290695        0.0000000000000000     
   2.0920019958159952        680.06500631570816        680.06500631570816        0.0000000000000000     
   2.3640019952719951        679.88492618501186        679.88492618501186        0.0000000000000000     
   2.6680019946639946        679.69723952561617        679.69723952561617        0.0000000000000000     
   3.0080019939839944        679.50272496044636        679.50272496044636        0.0000000000000000     
   3.3870019932259949        679.30286790430546        679.30286790430546        0.0000000000000000     
   3.8100019923799948        679.09809087961912        679.09809087961912        0.0000000000000000     
   4.2810019914379946        678.88932882249355        678.88932882249355        0.0000000000000000     
   4.8050019903899956        678.67678050696850        678.67678050696850        0.0000000000000000     
   5.3870019892259950        678.46042885258794        678.46042885258794        0.0000000000000000     
   6.0330019879339956        678.23963679745793        678.23963679745793        0.0000000000000000     
   6.7490019865019937        678.01360678672791        678.01360678672791        0.0000000000000000     
   7.5420019849159949        677.78112525492907        677.78112525492907        0.0000000000000000     
   8.4180019831639950        677.54125452786684        677.54125452786684        0.0000000000000000     
   9.3860019812279951        677.29226367175579        677.29226367175579        0.0000000000000000     
   10.453001979093994        677.02706464752555        677.02706464752555        0.0000000000000000     
   11.628001976743995        676.73145793378353        676.73145793378353        0.0000000000000000     
   12.922001974155995        676.40832717902958        676.40832717902958        0.0000000000000000     
   14.343001971313996        676.06097811460495        676.06097811460495        0.0000000000000000     
   15.903001968193996        675.69142539612949        675.69142539612949        0.0000000000000000     
   17.613001964773996        675.30172742903233        675.30172742903233        0.0000000000000000     
   19.485001961029994        674.89351445995271        674.89351445995271        0.0000000000000000     
   21.531001956937995        674.61460251267999        674.61460251267999        0.0000000000000000     
   23.768001952463997        674.32509867381305        674.32509867381305        0.0000000000000000     
   26.206001947587996        674.02674591075629        674.02674591075629        0.0000000000000000     
   28.864001942271997        673.72017936641350        673.72017936641350        0.0000000000000000     
   31.754001936491992        673.40695085795596        673.40695085795596        0.0000000000000000     
   34.897001930205995        673.08757725870237        673.08757725870237        0.0000000000000000     
   38.306001923387996        672.76348682609387        672.76348682609387        0.0000000000000000     
   42.002001915995990        672.43522452609614        672.43522452609614        0.0000000000000000     
   46.004001907991999        672.10350297717378        672.10350297717378        0.0000000000000000     
   50.332001899335999        671.76892559300177        671.76892559300177        0.0000000000000000     
   55.004001889991990        671.41720788576640        671.41720788576640        0.0000000000000000     
   60.045001879909996        671.05029267608188        671.05029267608188        0.0000000000000000     
   65.473001869054002        670.67146782716736        670.67146782716736        0.0000000000000000     
   71.314001857371991        670.28290888178162        670.28290888178162        0.0000000000000000     
   77.588001844824007        669.88670168374665        669.88670168374665        0.0000000000000000     
   84.322001831355990        669.48400907241739        669.48400907241739        0.0000000000000000     
   91.539001816921996        669.07583928876556        669.07583928876556        0.0000000000000000     
   99.261001801478002        668.66292900615372        668.66292900615372        0.0000000000000000     
   107.51700178496600        668.22883543395437        668.22883543395437        0.0000000000000000     
   116.32700176734599        667.77189555787481        667.77189555787481        0.0000000000000000     
   125.72300174855400        667.29559062072076        667.29559062072076        0.0000000000000000     
   135.72400172855200        666.80331985675730        666.80331985675730        0.0000000000000000     
   146.35800170728399        666.29750581854023        666.29750581854023        0.0000000000000000     
   157.65000168470002        665.77781748236157        665.77781748236157        0.0000000000000000     
   169.62600166074802        665.24229999468662        665.24229999468662        0.0000000000000000     
   182.30900163538200        664.69229708448984        664.69229708448984        0.0000000000000000     
   195.72000160856001        664.12927084346302        664.12927084346302        0.0000000000000000     
   209.88100158023801        663.55393722583540        663.55393722583540        0.0000000000000000     
   224.81800155036399        662.91350920987315        662.91350920987315        0.0000000000000000     
   240.55400151889199        662.19619603035972        662.19619603035972        0.0000000000000000     
   257.10900148578196        661.38714214938227        661.38714214938227        0.0000000000000000     
   274.50300145099402        660.46935800486244        660.46935800486244        0.0000000000000000     
   292.73500141453002        659.43998059388832        659.43998059388832        0.0000000000000000     
   311.82600137634796        658.28839138530748        658.28839138530748        0.0000000000000000     
   331.81600133636800        656.99818062413397        656.99818062413397        0.0000000000000000     
   352.66400129467200        655.55699793648046        655.55699793648046        0.0000000000000000     
   374.43100125113801        653.94224997222318        653.94224997222318        0.0000000000000000     
   397.09600120580797        652.13268391438760        652.13268391438760        0.0000000000000000     
   420.66100115867795        650.10967664630152        650.10967664630152        0.0000000000000000     
   445.12300110975394        647.85779009130783        647.85779009130783        0.0000000000000000     
   470.48500105902997        645.39885177300312        645.39885177300312        0.0000000000000000     
   496.74500100650999        642.71878735092469        642.71878735092469        0.0000000000000000     
   523.88400095223199        639.79464601841755        639.79464601841755        0.0000000000000000     
   551.88100089623799        636.62296378123574        636.62296378123574        0.0000000000000000     
   580.75700083848596        633.22171663981862        633.22171663981862        0.0000000000000000     
   610.43200077913593        629.62389845727012        629.62389845727012        0.0000000000000000     
   640.92600071814798        625.85260775592178        625.85260775592178        0.0000000000000000     
   672.19800065560401        621.93874375085579        621.93874375085579        0.0000000000000000     
   704.21000059157984        617.91477999600465        617.91477999600465        0.0000000000000000     
   736.92000052616004        613.80440921784884        613.80440921784884        0.0000000000000000     
   770.30900045938188        609.62113698196754        609.62113698196754        0.0000000000000000     
   804.29700039140607        605.36736442658002        605.36736442658002        0.0000000000000000     
   838.86500032227002        601.01315510664790        601.01315510664790        0.0000000000000000     
   873.93200025213605        596.58361248342908        596.58361248342908        0.0000000000000000     
   909.47800018104385        592.09532492787844        592.09532492787844        0.0000000000000000     
   945.40300010919395        587.57452802587159        587.57452802587159        0.0000000000000000     
   1000.0000000000000        580.56187331499427        580.56187331499427        0.0000000000000000     
