   9.9999997473787525E-007   685.02088865637779        685.01962772011757        191.30668369868363     
   1.0740499999999999        684.88611000776291        684.85809564590454        191.31212729209801     
   1.2361599999999999        684.83757334947586        684.78291583061218        191.31625394924959     
   1.4388200000000000        684.79031038284302        684.70264533162117        191.32120449392642     
   1.6600199966799494        684.74701380729675        684.62291890382767        191.32517357007055     
   1.9200199961599496        684.70212438702583        684.53461441397667        191.33141623927440     
   2.2100199955799495        684.65656352043152        684.44149446487427        191.33802771358023     
   2.5500199948999498        684.60808953642845        684.33777204155922        191.34629199352094     
   2.9300199941399501        684.55937722325325        684.22816798090935        191.35520314446148     
   3.3700199932599499        684.50971302390099        684.10841956734657        191.36466018995816     
   3.8600199922799501        684.46504718065262        683.98236021399498        191.37661251140344     
   4.4300199911399494        684.41984826326370        683.84375283122063        191.39079000863967     
   5.0700199898599490        684.37602850794792        683.69618080556393        191.40706358413445     
   5.8000199883999493        684.33571614325047        683.53566189110279        191.42677583605109     
   6.6300199867399492        684.29713414609432        683.36096130311489        191.44731782164126     
   7.5600199848799505        684.26090079545975        683.17226883769035        191.47087172090141     
   8.6200199827599491        684.22531868517399        682.96402041614056        191.50080429221453     
   9.8200199803599499        684.19110395014286        682.73454159498215        191.53263221136876     
   11.170019977659949        684.14865982532501        682.47411897778511        191.56639693708712     
   12.690019974619947        684.09903049468994        682.17807222902775        191.60600615114527     
   14.400019971199949        684.03697954118252        681.84505334496498        191.64971699855232     
   16.330019967339947        683.97429871559143        681.47213761508465        191.70006675992408     
   18.490019963019947        683.90366640686989        681.06024530529976        191.75247266245060     
   20.920019958159951        683.83304910361767        680.60471429675817        191.81283612088737     
   23.640019952719950        683.76142022013664        680.10475281625986        191.87616816672016     
   26.680019946639948        683.69241473823786        679.55766919255257        191.95266870833802     
   30.080019939839943        683.62435250729322        678.95927943289280        192.03201093385360     
   33.870019932259950        683.56123944371939        678.30754758417606        192.11929743922519     
   38.100019923799948        683.50184588879347        677.59711126238108        192.21383295646228     
   42.810019914379943        683.44896308332682        676.82466798275709        192.31930515599743     
   48.050019903899958        683.40066298842430        675.98539929836988        192.42907450615894     
   53.870019892259954        683.35557126253843        675.06920512765646        192.54585468359801     
   60.330019879339950        683.30898028612137        674.06729705631733        192.67261631921792     
   67.490019865019946        683.26258202642202        672.97624802589417        192.80616641488086     
   75.420019849159956        683.22458978742361        671.79043815284967        192.94368159469741     
   84.180019831639953        683.18959246948361        670.50531176477671        193.10081719114896     
   93.860019812279958        683.15693152323365        669.11183272674680        193.25634657483897     
   104.53001979093995        683.12189236469567        667.59975798614323        193.41725061674879     
   116.28001976743995        683.07496603392065        665.95181376487017        193.58508315901418     
   129.22001974155992        683.01388403214514        664.16158544085920        193.78155872537536     
   143.43001971313996        682.94147696718574        662.22744088806212        193.95769480324088     
   159.03001968193996        682.86105806659907        660.14297903142869        194.13510990959185     
   176.13001964773997        682.76517815981060        657.90402789739892        194.35056754751713     
   194.85001961029994        682.65736729744822        655.50596038857475        194.52576455811504     
   215.31001956937996        682.53193129226565        652.94286446459591        194.72307903587352     
   237.68001952463999        682.38949152082205        650.20571571285836        194.90613540563936     
   262.06001947587998        682.22669558692724        647.29672901518643        195.05476451582945     
   288.64001942272000        682.03854612540454        644.20887380931526        195.22464934775053     
   317.54001936491989        681.82158508896828        640.94503294723108        195.33857623504446     
   348.97001930205994        681.57229587435722        637.49945831811056        195.49194769405585     
   383.06001923387993        681.28874364029616        633.87707819510251        195.54969143842754     
   420.02001915995993        680.96279983501881        630.07573258969933        195.57225374123664     
   460.04001907991994        680.58958213776350        626.09723035711795        195.55437056288065     
   503.32001899336001        680.16970710363239        621.94393778243102        195.53215591215121     
   550.04001889991991        679.67889141198248        617.61127013689838        195.41202090257138     
   600.45001879909989        679.11361918039620        613.10121633019298        195.23014562197932     
   654.73001869053996        678.46790270321071        608.42403150815517        194.97730285912257     
   713.14001857372000        677.73974253609776        603.58364148158580        194.65212075875024     
   775.88001844823998        676.91871130093932        598.58974935114384        194.23854344604479     
   843.22001831355999        675.99470138549805        593.44693180080503        193.77387056560110     
   915.39001816921984        674.96470232587308        588.16351532284170        193.16413486802776     
   992.61001801477994        673.81572432257235        582.74877713667229        192.44417681203777     
   1075.1700178496599        672.53091353364289        577.20001507224515        191.60290052253549     
   1163.2700176734600        671.10440566390753        571.52741680317558        190.66300326121564     
   1257.2300174855400        669.52267286274582        565.73616968817078        189.55308776383026     
   1357.2400172855198        667.77931947167963        559.83949889102951        188.29872886834346     
   1463.5800170728398        665.86486536124721        553.84494260128122        186.88637789419590     
   1576.5000168470003        663.76745683851186        547.75770136067877        185.31043907145067     
   1696.2600166074801        661.47205742908409        541.57970233575907        183.59843967420602     
   1823.0900163538201        658.96470778931689        535.31986026419327        181.66105583938770     
   1957.2000160856001        656.24125777569498        528.98834113998964        179.53349309822806     
   2098.8100158023799        653.29241115582590        522.59374409903103        177.20583049131528     
   2248.1800155036399        650.02119657077583        516.05626477350415        174.67263786625699     
   2405.5400151889203        646.38499410702025        509.34994232904523        171.92255421826485     
   2571.0900148578194        642.33815986366426        502.44491357694653        168.94962955139636     
   2745.0300145099400        637.83458393200635        495.31083158446927        165.78298038838693     
   2927.3500141453005        632.84244093094821        487.93611126354614        162.34449495706576     
   3118.2600137634795        627.32743963530083        480.29734293686619        158.66807691282156     
   3318.1600133636798        621.24635495756229        472.36376583673854        154.74122536255163     
   3526.6400129467197        614.58869526893977        464.14329417253435        150.57032121774319     
   3744.3100125113797        607.32390997051698        455.61227878332238        146.14247766164044     
   3970.9600120580803        599.45827692509920        446.79076580151354        141.49074097230914     
   4206.6100115867794        591.01879345052294        437.71620632702775        136.55138972070563     
   4451.2300110975393        582.04774205939611        428.43964956851130        131.38432260570698     
   4704.8500105902995        572.62113487435272        419.04478364809677        125.93179098193286     
   4967.4500100651003        562.76574576599523        409.56535544310168        120.22209902084433     
   5238.8400095223205        552.48679964069743        400.01327139378935        114.26059765093760     
   5518.8100089623804        541.78686733986251        390.39434919009642        108.07466560471266     
   5807.5700083848606        530.65097546894685        380.70103982454742        101.61406212781617     
   6104.3200077913598        519.10397138039116        370.95595762210280        94.921032434331437     
   6409.2600071814795        507.13980659728986        361.15576700223863        87.991078281781256     
   6721.9800065560394        494.78776828001719        351.32933968084780        80.846461956727921     
   7042.1000059157986        482.09274393148371        341.51929371608639        73.466846379076173     
   7369.2000052616004        469.10105880023002        331.76804805193211        65.875293722424203     
   7703.0900045938197        455.84727438377126        322.10745063718986        58.073637842128619     
   8042.9700039140598        442.37187496514071        312.57028698506065        50.076041112482244     
   8388.6500032227013        428.66355098980148        303.14454207857989        41.884671622177265     
   8739.3200025213609        414.76632402511996        293.86982997914788        33.498231674198536     
   9094.7800018104390        400.68960490498512        284.76349680307123        24.901052117682266     
   9454.0300010919400        386.45221169319939        275.85615546074018        16.080788521259969     
   10000.000000000000        364.32586255847616        262.66172400156427        2.1403161799098323     
