   9.9999997473787525E-007   685.18356287479401        685.18296742439270        49.520309352643380     
  0.10740500000000001        685.17663598060608        685.17491737008095        49.520274754453567     
  0.12361599999999999        685.17419245839119        685.17190685868263        49.519741927128052     
  0.14388199999999998        685.17261698842049        685.16816413402557        49.519493970270560     
  0.16600199966799495        685.17063587903976        685.16407224535942        49.518960388151754     
  0.19200199961599496        685.16828534007072        685.15944725275040        49.518027692458418     
  0.22100199955799496        685.16518712043762        685.15421906113625        49.517396596624167     
  0.25500199948999497        685.16186016798019        685.14835882186890        49.516199494733883     
  0.29300199941399496        685.16005656123161        685.14211842417717        49.514598153582483     
  0.33700199932599495        685.15737274289131        685.13484212756157        49.512135167060478     
  0.38600199922799500        685.15332069993019        685.12709921598434        49.510774985734315     
  0.44300199911399496        685.15110054612160        685.11810633540154        49.509303224156611     
  0.50700199898599496        685.14678987860680        685.10837137699127        49.505611069544102     
  0.58000199883999493        685.14378190040588        685.09760624170303        49.502846354065696     
  0.66300199867399490        685.13889393210411        685.08527687191963        49.500498631867231     
  0.75600199848799510        685.13392901420593        685.07170048356056        49.495992740572547     
  0.86200199827599500        685.12946411967278        685.05608034133911        49.491435348783853     
  0.98200199803599508        685.12370696663857        685.03855749964714        49.487900290259859     
   1.1170019977659948        685.11801564693451        685.01884627342224        49.481804146533250     
   1.2690019974619948        685.11407843232155        684.99620848894119        49.476681605956401     
   1.4400019971199951        685.10558366775513        684.97070306539536        49.470220786490245     
   1.6330019967339948        685.09852129220963        684.94156298041344        49.463924821320688     
   1.8490019963019946        685.08534866571426        684.90897446870804        49.456195026054047     
   2.0920019958159952        685.07486468553543        684.87209588289261        49.447201165676233     
   2.3640019952719951        685.06363940238953        684.83095300197601        49.439551586547168     
   2.6680019946639946        685.05315846204758        684.78488680720329        49.429966362462437     
   3.0080019939839944        685.03710463643074        684.73361214995384        49.419004130060785     
   3.3870019932259949        685.02508363127708        684.67649465799332        49.406782374157046     
   3.8100019923799948        685.00422257184982        684.61311188340187        49.393119716878573     
   4.2810019914379946        684.98085990548134        684.54263287782669        49.374256931856507     
   4.8050019903899956        684.96042165160179        684.46466809511185        49.358010634627135     
   5.3870019892259950        684.93710145354271        684.37828913331032        49.340202293453331     
   6.0330019879339956        684.91116732358932        684.28292611241341        49.320660226017935     
   6.7490019865019937        684.88583737611771        684.17776724696159        49.299685586483974     
   7.5420019849159949        684.85956668853760        684.06163534522057        49.277162588245119     
   8.4180019831639950        684.82477378845215        683.93394580483437        49.250616224911937     
   9.3860019812279951        684.79108375310898        683.79328763484955        49.222768228748464     
   10.453001979093994        684.74908095598221        683.63852334022522        49.193344044251717     
   11.628001976743995        684.70397275686264        683.46729862689972        49.157372041190683     
   12.922001974155995        684.65479961037636        683.27841442823410        49.123183373085340     
   14.343001971313996        684.59711590409279        683.07081606984138        49.083130346327380     
   15.903001968193996        684.53270134329796        682.84316301345825        49.036053116193216     
   17.613001964773996        684.46242940425873        682.59405246376991        48.991276122185809     
   19.485001961029994        684.38735240697861        682.32222872972488        48.936671641218709     
   21.531001956937995        684.29918411374092        682.01962256431580        48.878230045520468     
   23.768001952463997        684.19908285140991        681.68448245525360        48.815326708252542     
   26.206001947587996        684.08624053001404        681.31823733448982        48.744533228775254     
   28.864001942271997        683.96227228641510        680.91951727867126        48.667388042937091     
   31.754001936491992        683.82672914862633        680.48700791597366        48.582490521293948     
   34.897001930205995        683.68099242448807        680.01860684156418        48.489495329937199     
   38.306001923387996        683.51944360136986        679.51356753706932        48.387520923490229     
   42.002001915995990        683.35089755058289        678.97018593549728        48.277876986714546     
   46.004001907991999        683.16656267642975        678.38697972893715        48.155066718907619     
   50.332001899335999        682.96812459826469        677.76226505637169        48.019708627456566     
   55.004001889991990        682.75636962056160        677.09299635887146        47.873068043547391     
   60.045001879909996        682.52638480067253        676.37678368389606        47.712237023290072     
   65.473001869054002        682.27884346246719        675.61228644847870        47.536063907355128     
   71.314001857371991        682.01451884210110        674.79708817601204        47.347460989469255     
   77.588001844824007        681.72999310493469        673.92961646616459        47.140997244823666     
   84.322001831355990        681.41992232203484        673.00739435851574        46.914942308416357     
   91.539001816921996        681.08922186493874        672.02856476604939        46.670465795381460     
   99.261001801478002        680.73573385179043        670.99157534539700        46.402984162123175     
   107.51700178496600        680.35244169831276        669.89160385727882        46.114053393721406     
   116.32700176734599        679.93747825920582        668.72710449993610        45.799376592287445     
   125.72300174855400        679.49426423013210        667.49588049948215        45.460765920361155     
   135.72400172855200        679.01582576334476        666.19766241312027        45.095247226541687     
   146.35800170728399        678.49862053990364        664.83122883737087        44.697723910023342     
   157.65000168470002        677.94332100450993        663.39337961375713        44.269328798407514     
   169.62600166074802        677.34068760275841        661.87927709519863        43.806924601070932     
   182.30900163538200        676.68859627842903        660.28795188665390        43.310404737334466     
   195.72000160856001        675.99020572006702        658.61921662092209        42.779852029096219     
   209.88100158023801        675.23560962080956        656.87247511744499        42.210183223549393     
   224.81800155036399        674.37423146516085        654.99607042968273        41.599668784409005     
   240.55400151889199        673.38228166848421        652.96760585159063        40.946693060916004     
   257.10900148578196        672.23116754740477        650.76223936676979        40.249903807962255     
   274.50300145099402        670.89124015718699        648.35588544607162        39.505599425101536     
   292.73500141453002        669.35042893141508        645.73937778919935        38.714587844839116     
   311.82600137634796        667.58951175957918        642.89520688354969        37.874426213718834     
   331.81600133636800        665.58351403474808        639.79970147460699        36.983418154704850     
   352.66400129467200        663.31230051070452        636.44243650138378        36.041041413205676     
   374.43100125113801        660.74943893402815        632.79809926450253        35.044923399087565     
   397.09600120580797        657.88368794322014        628.85797076672316        33.992607305706770     
   420.66100115867795        654.71076281368732        624.62342312186956        32.884875731506327     
   445.12300110975394        651.23163832724094        620.10079812258482        31.720386251843593     
   470.48500105902997        647.44158547371626        615.28850648552179        30.500653374769172     
   496.74500100650999        643.33758669346571        610.18759064748883        29.220747486822802     
   523.88400095223199        638.89147874340415        604.77499562874436        27.883519948227331     
   551.88100089623799        634.09655098244548        599.05019927024841        26.488091666316905     
   580.75700083848596        628.98010392952710        593.03864729916677        25.033580791750865     
   610.43200077913593        623.58374035032466        586.79147855029441        23.523161455077570     
   640.92600071814798        617.93973806616850        580.34039921671501        21.954808344398771     
   672.19800065560401        612.08443735027686        573.72718079508923        20.329717326800164     
   704.21000059157984        606.05153056955896        566.99035832076765        18.647628159793840     
   736.92000052616004        599.86324495705776        560.15482731595807        16.911222978524620     
   770.30900045938188        593.52762237045681        553.23185080410110        15.120662233955500     
   804.29700039140607        587.03131639317144        546.21020949417471        13.277795834202152     
   838.86500032227002        580.30292660463601        539.01974550736770        11.381631016147821     
   873.93200025213605        573.39971907611471        531.71882296714659        9.4359209936587831     
   909.47800018104385        566.35621884837747        524.35183189381382        7.4322764034377542     
   945.40300010919395        559.22655353765003        516.97583573484280        5.3739595682397976     
   1000.0000000000000        548.16572420050215        505.71717370426268        2.1404331477547069     
