   9.9999997473787525E-007   685.18282830715179        685.18296742439270        60.404929838485259     
  0.10740500000000001        684.99751964211464        684.99518299102783        60.405524022101417     
  0.12361599999999999        684.93487787246704        684.93059641122818        60.405175300606970     
  0.14388199999999998        684.87784466147423        684.86968466639519        60.405172066179148     
  0.16600199966799495        684.82451832294464        684.81383442878723        60.405014375151040     
  0.19200199961599496        684.77063795924187        684.75619825720787        60.404319244287763     
  0.22100199955799496        684.71740552783012        684.69872525334358        60.404305320825188     
  0.25500199948999497        684.66288107633591        684.63844132423401        60.403081533204386     
  0.29300199941399496        684.60792306065559        684.57808294892311        60.401485740265343     
  0.33700199932599495        684.55346977710724        684.51488414406776        60.401809645136382     
  0.38600199922799500        684.49437659978867        684.45145335793495        60.398774372042681     
  0.44300199911399496        684.43744528293610        684.38471093773842        60.397902658143721     
  0.50700199898599496        684.37929975986481        684.31635904312134        60.396992117301124     
  0.58000199883999493        684.32036596536636        684.24530903995037        60.393118227013474     
  0.66300199867399490        684.25701129436493        684.17092677950859        60.389190913880157     
  0.75600199848799510        684.19443233311176        684.09403316676617        60.386244397363043     
  0.86200199827599500        684.12882737815380        684.01219515502453        60.381536152923218     
  0.98200199803599508        684.06106968224049        683.92540746927261        60.377284807917022     
   1.1170019977659948        683.98092544078827        683.82326339185238        60.373324089570815     
   1.2690019974619948        683.88387294113636        683.70399998128414        60.370742698738468     
   1.4400019971199951        683.77369987964630        683.56886105239391        60.364724394890800     
   1.6330019967339948        683.65195630490780        683.41739778220654        60.361323404380528     
   1.8490019963019946        683.51792706549168        683.25136707723141        60.355130154479411     
   2.0920019958159952        683.37638331949711        683.06987927854061        60.351083021807426     
   2.3640019952719951        683.22396972775459        682.87433317303658        60.344245675045386     
   2.6680019946639946        683.06129532307386        682.66535250097513        60.336195869444055     
   3.0080019939839944        682.88862576335669        682.44243632256985        60.327578845746757     
   3.3870019932259949        682.70775716006756        682.20636669546366        60.315601219670498     
   3.8100019923799948        682.52295135706663        681.95645520091057        60.307092072085652     
   4.2810019914379946        682.32956384867430        681.69272967427969        60.294469711825514     
   4.8050019903899956        682.13156834989786        681.41499660164118        60.283781547648687     
   5.3870019892259950        681.93137642741203        681.12275228649378        60.270164008277789     
   6.0330019879339956        681.72189115732908        680.81549231708050        60.254654843654862     
   6.7490019865019937        681.51213095337152        680.49212077260017        60.239929241721256     
   7.5420019849159949        681.29232875257730        680.15140742808580        60.221852753424173     
   8.4180019831639950        681.06494284048676        679.79206456616521        60.199129830689344     
   9.3860019812279951        680.83505178615451        679.41171818599105        60.176222926595074     
   10.453001979093994        680.59149089455605        679.00259568169713        60.159674901209655     
   11.628001976743995        680.31540233269334        678.55032343044877        60.128094692234299     
   12.922001974155995        680.01526270806789        678.05627026408911        60.093640297083766     
   14.343001971313996        679.69487725198269        677.52196993306279        60.055113158428867     
   15.903001968193996        679.35415579378605        676.94640353880823        60.028404184406099     
   17.613001964773996        678.98804313875735        676.32887695915997        59.988238705329422     
   19.485001961029994        678.60744610428810        675.66825979575515        59.939684790224419     
   21.531001956937995        678.30260617099702        675.06155560165644        59.898771755651978     
   23.768001952463997        677.97905870340765        674.41135188844055        59.830031905752548     
   26.206001947587996        677.64317709393799        673.71752594970167        59.770628196238249     
   28.864001942271997        677.28417266905308        672.97737532248721        59.686116401404433     
   31.754001936491992        676.91197140328586        672.19027964957058        59.625023067579605     
   34.897001930205995        676.51967056747526        671.35330544225872        59.545384882709186     
   38.306001923387996        676.11097711417824        670.46594189153984        59.433543701183225     
   42.002001915995990        675.68595363385975        669.52574408333749        59.343083524283429     
   46.004001907991999        675.24207238852978        668.53099143039435        59.208265963847225     
   50.332001899335999        674.77918755263090        667.47992243431509        59.097078441358462     
   55.004001889991990        674.28475511167198        666.35693025426008        58.956351607281249     
   60.045001879909996        673.75276494491845        665.16073717363179        58.775117040575424     
   65.473001869054002        673.19082777015865        663.89293201081455        58.616169579581765     
   71.314001857371991        672.59884324297309        662.55293232714757        58.399275712567032     
   77.588001844824007        671.97725937981158        661.14135801699013        58.158231868081202     
   84.322001831355990        671.32528275158256        659.65702865133062        57.893659264474991     
   91.539001816921996        670.64280406199396        658.09956992929801        57.607595016561390     
   99.261001801478002        669.92855456192046        656.46886837901548        57.334506578969012     
   107.51700178496600        669.16914146579802        654.74550040927716        56.995892468541570     
   116.32700176734599        668.35182907618582        652.92788852099329        56.623086447805690     
   125.72300174855400        667.48590441979468        651.01831939164549        56.221649489067204     
   135.72400172855200        666.57247333042324        649.02092747110873        55.812972073617857     
   146.35800170728399        665.60754059627652        646.93714409973472        55.338664579256147     
   157.65000168470002        664.59689451381564        644.76588719617575        54.865639278483286     
   169.62600166074802        663.52186001837254        642.50414610933512        54.307714006761671     
   182.30900163538200        662.39421307947487        640.15268744900823        53.708502766385209     
   195.72000160856001        661.20170961599797        637.71295295748860        53.061654623546929     
   209.88100158023801        659.94595178030431        635.18590933410451        52.365094841836253     
   224.81800155036399        658.57327336398885        632.52041196497157        51.619168477394851     
   240.55400151889199        657.06356569100171        629.70383129757829        50.816396196241840     
   257.10900148578196        655.40125292970333        626.72110725473613        49.995802429817559     
   274.50300145099402        653.56561287806835        623.55535684904316        49.079542784937075     
   292.73500141453002        651.54753185424488        620.20642350753769        48.103594048938248     
   311.82600137634796        649.33373353441129        616.66383630489872        47.064492969038838     
   331.81600133636800        646.89979266528098        612.90910135838931        45.991584015762783     
   352.66400129467200        644.23233722402802        608.93760869936159        44.819531012733933     
   374.43100125113801        641.30486329163978        604.72224334822613        43.578961758605146     
   397.09600120580797        638.09516692897887        600.24839389982662        42.266659277280269     
   420.66100115867795        634.58273462358920        595.50361110803772        40.883964127402578     
   445.12300110975394        630.75863049626059        590.48018967801090        39.456459414283017     
   470.48500105902997        626.63716287750867        585.20256529536391        37.951185897014511     
   496.74500100650999        622.20894180718460        579.66467946517480        36.345806130331766     
   523.88400095223199        617.45070875764941        573.84689665914982        34.666163076377416     
   551.88100089623799        612.35762984884786        567.75055047194587        32.912492469473364     
   580.75700083848596        606.94859111879487        561.39766485639848        31.083101329524652     
   610.43200077913593        601.26510174199939        554.83654700499028        29.198431543936749     
   640.92600071814798        595.33296806161525        548.09496052592294        27.222087036085213     
   672.19800065560401        589.18525453354232        541.21286128908105        25.172987675441618     
   704.21000059157984        582.85947195935296        534.22825406490301        23.053122349891055     
   736.92000052616004        576.37925709626870        527.16775063377952        20.862750236474312     
   770.30900045938188        569.74960739695234        520.04375722099962        18.608229362790098     
   804.29700039140607        562.97468799154740        512.85970761326553        16.277998964166272     
   838.86500032227002        556.01021764194593        505.57760011897750        13.881103171827363     
   873.93200025213605        548.89132747636177        498.23429506769378        11.414010640444303     
   909.47800018104385        541.63896746735554        490.85453054003381        8.8756987901138018     
   945.40300010919395        534.28481503354851        483.47947971004658        6.2600487191434695     
   1000.0000000000000        522.85516035323963        472.25683954553483        2.1405334344783018     
