0.24000000596046448
0.28000000596046448
0.32000000596046448
0.36000000596046448
0.44000000506639481
0.48000000417232513
0.52000000327825546
0.56000000238418579
0.60000000149011612
0.64000000059604645
0.67999999970197678
0.71999999880790710
0.75999999791383743
0.80000001192092896
0.85070001333951950
0.90140001475811005
0.95210001617670059
1.0028000175952911
1.0535000190138817
1.1042000204324722
1.1549000218510628
1.2056000232696533
1.2563000246882439
1.3099999427795410
1.3651949428021908
1.4203899428248405
1.4755849428474903
1.5307799428701401
1.5859749428927898
1.6411699429154396
1.6963649429380894
1.7515599429607391
1.8067549429833889
1.8622000217437744
1.9241000227630138
1.9860000237822533
2.0479000248014927
2.1098000258207321
2.1717000268399715
2.2336000278592110
2.2955000288784504
2.3574000298976898
2.4193000309169292
2.4814000129699707
2.5571000128984451
2.6328000128269196
2.7085000127553940
2.7842000126838684
2.8599000126123428
2.9356000125408173
3.0113000124692917
3.0870000123977661
3.1627000123262405
3.2393999099731445
3.3653999119997025
3.4913999140262604
3.6173999160528183
3.7433999180793762
3.8693999201059341
3.9953999221324921
4.1213999241590500
4.2473999261856079
4.3733999282121658
4.5005002021789551
4.8500002026557922
5.1995002031326294
5.5490002036094666
5.8985002040863037
6.2480002045631409
6.5975002050399780
6.9470002055168152
7.2965002059936523
7.6460002064704895
8.0000000000000000
8.4000000059604645
8.8000000119209290
9.2000000178813934
9.6000000238418579
10.000000029802322
10.400000035762787
10.800000041723251
11.200000047683716
11.600000053644180
12.004799842834473
12.212749838829041
12.420699834823608
12.628649830818176
12.836599826812744
13.044549822807312
13.252499818801880
13.460449814796448
13.668399810791016
13.876349806785583
14.084500312805176
14.276030316948891
14.467560321092606
14.659090325236320
14.850620329380035
15.042150333523750
15.233680337667465
15.425210341811180
15.616740345954895
15.808270350098610
16.000000000000000
16.800000011920929
17.600000023841858
18.400000035762787
19.200000047683716
20.000000059604645
20.800000071525574
21.600000083446503
22.400000095367432
23.200000107288361
24.038499832153320
27.658499717712402
31.278499603271484
34.898499488830566
38.518499374389648
42.138499259948730
45.758499145507812
49.378499031066895
52.998498916625977
56.618498802185059
60.241001129150391
154.21100234985352
248.18100357055664
342.15100479125977
436.12100601196289
530.09100723266602
624.06100845336914
718.03100967407227
812.00101089477539
905.97101211547852
