   1.9999999949504854E-006   219.51198762775502        219.50988824552377        21.894667243143402     
   8.3001999667994944E-002   219.26429007922223        219.25251276187828        21.892278570324706     
   9.6001999615994954E-002   219.25108519426433        219.23802990723402        21.892193651522593     
  0.11050199955799496        219.23546651769473        219.22121906148601        21.892364297972993     
  0.12750199948999497        219.21565812541218        219.20013499495332        21.892286195688630     
  0.14650199941399497        219.19363092034592        219.17613229843190        21.892320492263362     
  0.16850199932599497        219.16826765542316        219.14764269956657        21.893092249424512     
  0.19300199922799496        219.14056190864218        219.11716248827832        21.894226698813082     
  0.22150199911399493        219.11377900814287        219.08362753460281        21.895529528414691     
  0.25350199898599496        219.08269993230005        219.04848493368584        21.895862722365784     
  0.29000199883999495        219.04918456833479        219.01134215093714        21.892954513910514     
  0.33150199867399494        219.01513812113274        218.97247928863101        21.890068055763788     
  0.37800199848799498        218.98061342300346        218.93257859223354        21.886817075422609     
  0.43100199827599495        218.94368748247743        218.89090547677071        21.884072709847430     
  0.49100199803599492        218.90640490745918        218.84755804519858        21.881076598494296     
  0.55850199776599496        218.87072184161104        218.80232421772411        21.877337765125173     
  0.63450199746199498        218.83261553913661        218.75456521245877        21.876779886655793     
  0.72000199711999502        218.79227049340346        218.70365791406888        21.874421479799878     
  0.81650199673399504        218.75108139562249        218.64890488860030        21.872132227359671     
  0.92450199630199492        218.70611101532950        218.59032907222146        21.869164623574914     
   1.0460019958159950        218.65310721170869        218.52468435342743        21.865761316391882     
   1.1820019952719951        218.59223197654606        218.44478754787156        21.863587095924657     
   1.3340019946639949        218.51730287754262        218.35215450735853        21.861913254441269     
   1.5040019939839948        218.43249125636638        218.24844862622879        21.857782326575560     
   1.6935019932259947        218.34376388746881        218.13577163362208        21.853014598754580     
   1.9050019923799950        218.24944232020368        218.01541189501319        21.848207551629066     
   2.1405019914379948        218.14974493905765        217.88861284724135        21.840222712393466     
   2.4025019903899949        218.04892458398399        217.75596004664467        21.837069915922974     
   2.6935019892259953        217.94956505661102        217.61763407177654        21.831315764072205     
   3.0165019879339949        217.84842285718986        217.47470643862925        21.827122355932925     
   3.3745019865019947        217.74576199253065        217.32805121439335        21.825419826329941     
   3.7710019849159950        217.64706305955886        217.17834912078948        21.820929117216213     
   4.2090019831639953        217.54205410164130        217.02626028459329        21.810093309478567     
   4.6930019812279955        217.44598144905430        216.87133212175303        21.802328260925716     
   5.2265019790939951        217.35268453932395        216.71298270838116        21.793240663206983     
   5.8140019767439943        217.26209654841853        216.54985788807267        21.781168747085502     
   6.4610019741559945        217.17216639109108        216.38009231816937        21.771513754769334     
   7.1715019713139956        217.08057951030037        216.20217463981703        21.756009328815185     
   7.9515019681939956        216.98400362397464        216.01414899356882        21.738681371498291     
   8.8065019647739948        216.88974191747681        215.81443451976568        21.722838066812908     
   9.7425019610299941        216.79091131214312        215.60162272567914        21.705518468551254     
   10.765501956937996        216.67532830757870        215.36500435467329        21.687124952985659     
   11.884001952463995        216.53957216242151        215.09806199379037        21.663183762365982     
   13.103001947587995        216.39086049282037        214.80245638971033        21.640814125071952     
   14.432001942271995        216.21791595622312        214.47890295349674        21.611489042663504     
   15.877001936491993        216.03114908836713        214.12898145170024        21.582248455955447     
   17.448501930205992        215.83213508981356        213.75284485504952        21.549611517503973     
   19.153001923387993        215.62399747104064        213.35162816546881        21.516310619605115     
   21.001001915995992        215.40162920625232        212.92517240986226        21.473395985597040     
   23.002001907992000        215.16607110315911        212.47360201415506        21.426102602680206     
   25.166001899335996        214.92191409912328        211.99715627915137        21.375790736273121     
   27.502001889991995        214.66937035274708        211.49669303003034        21.320087288682608     
   30.022501879909996        214.40887774143798        210.97273978212758        21.259142622103059     
   32.736501869053996        214.14274507656231        210.42682063928436        21.189081478282613     
   35.657001857371995        213.86355867955379        209.85969282025280        21.114144929735151     
   38.794001844823995        213.58896937395662        209.27241690296449        21.031262182206071     
   42.161001831355989        213.31138957550078        208.66496727245183        20.941961637745024     
   45.769501816921995        213.02820717004960        208.03713534646411        20.841248203446021     
   49.630501801477998        212.74017064008723        207.38827750176554        20.730081807408929     
   53.758501784965993        212.43793198971613        206.71672513795718        20.608658504169661     
   58.163501767345998        212.13341368029785        206.02137633942937        20.478784149482770     
   62.861501748553998        211.81621370183976        205.30016794393291        20.337263882429763     
   67.862001728552002        211.48739690874967        204.55225518029812        20.181437049014487     
   73.179001707283987        211.14418572050187        203.77641511052917        20.014088681913194     
   78.825001684699998        210.78046429224895        202.97187479542470        19.827670778616753     
   84.813001660748000        210.40109480096066        202.13816691617407        19.628975829231912     
   91.154501635381990        209.99772138999640        201.27571565593419        19.408754635772443     
   97.860001608559998        209.57696773892050        200.38540920365472        19.176369834860779     
   104.94050158023802        209.12982605687949        199.46218960986570        18.922492508550221     
   112.40900155036400        208.64575474902023        198.49928244734403        18.649095100010076     
   120.27700151889199        208.12734574827510        197.49900957272143        18.355581327249016     
   128.55450148578200        207.57589701768845        196.46355766647451        18.037709501509287     
   137.25150145099400        206.98500345729141        195.39504094310820        17.700924882024513     
   146.36750141453001        206.36355595235113        194.29652544343151        17.338370684657214     
   155.91300137634801        205.70416019150582        193.16739105965090        16.950330274115462     
   165.90800133636799        205.00807191490108        192.00336540463357        16.541776860037356     
   176.33200129467198        204.25964631555325        190.80636038749742        16.104671351193844     
   187.21550125113797        203.46965229497090        189.57450034997606        15.640885164194334     
   198.54800120580799        202.61865948678704        188.30061565226617        15.147366441146712     
   210.33050115867800        201.69785221221858        186.97075803141414        14.627319984237090     
   222.56150110975398        200.68223182351684        185.56680990623963        14.076587204250309     
   235.24250105902999        199.57132807387049        184.08856312904300        13.498712885109811     
   248.37250100650999        198.37857636464253        182.55057986278402        12.893238775407786     
   261.94200095223198        197.09019354902819        180.94011488144290        12.259104173393824     
   275.94050089623795        195.68760539481514        179.24322270959576        11.595868128649135     
   290.37850083848599        194.15351536169337        177.44301730137633        10.903066908134550     
   305.21600077913598        192.47609525389242        175.52757297386242        10.183537607442723     
   320.46300071814801        190.63310506131691        173.47656525121911        9.4353687763632657     
   336.09900065560396        188.71275530300420        171.37964347168850        8.6593524378533484     
   352.10500059158005        186.70629511817671        169.22869405494882        7.8560360546484667     
   368.46000052616000        184.60320747625812        167.01432943575804        7.0265176480378742     
   385.15450045938201        182.40104630741524        164.73392120332707        6.1711729166136768     
   402.14850039140600        180.10864340450755        162.39743560435295        5.2911567837046407     
   419.43250032227002        177.73480751005604        160.01405062313773        4.3868390008361500     
   436.96600025213610        175.29075896490068        157.59548100151426        3.4591078000055608     
   454.73900018104393        172.78037571753623        155.14675323873158        2.5068772305723890     
   472.70150010919400        170.20864478501636        152.67482001948471        1.5301028470741893     
   500.00000000000000        166.18415378103643        148.89016876834589        1.2457809378240746E-004
