   1.9999999949504854E-006   219.50589914720243        219.50467797578276        21.954810914412768     
   8.3001999667994944E-002   219.19431311968123        219.18325843646031        21.950775353825968     
   9.6001999615994954E-002   219.18239569829268        219.17027848329113        21.950578814201823     
  0.11050199955799496        219.16962577292665        219.15643648366679        21.950633081891574     
  0.12750199948999497        219.15575636734931        219.14085792845927        21.950755993009228     
  0.14650199941399497        219.14086920019466        219.12418057986076        21.950539476366309     
  0.16850199932599497        219.12354807836951        219.10419930295657        21.951552762298036     
  0.19300199922799496        219.10470845301552        219.08220105488121        21.953511321338723     
  0.22150199911399493        219.09155523173769        219.05742574700147        21.953646968705229     
  0.25350199898599496        219.06472332826161        219.03096674230056        21.951894357584589     
  0.29000199883999495        219.03954670627090        219.00254500423409        21.949350934170319     
  0.33150199867399494        219.01450417948666        218.97227305384143        21.946374091995096     
  0.37800199848799498        218.98846343992253        218.94051285782842        21.942260985948849     
  0.43100199827599495        218.95804826328958        218.90563007905749        21.937521305614656     
  0.49100199803599492        218.92510381197317        218.86727411121936        21.934574453683034     
  0.55850199776599496        218.89370034519345        218.82553562580264        21.929991532664108     
  0.63450199746199498        218.85911824851141        218.78020032734793        21.927743822601524     
  0.72000199711999502        218.81349929767367        218.73115921659047        21.922386725742392     
  0.81650199673399504        218.77877409409280        218.67823313814171        21.923365039141192     
  0.92450199630199492        218.73642053387192        218.62193032883258        21.920416246400208     
   1.0460019958159950        218.69167515398613        218.56119444413801        21.918390142051056     
   1.1820019952719951        218.64223096159731        218.49520635900211        21.912033177373978     
   1.3340019946639949        218.58970788889854        218.42487270154780        21.913131074658054     
   1.5040019939839948        218.53180319900463        218.35074405434173        21.908765161902256     
   1.6935019932259947        218.47853540049846        218.27340037280501        21.906859569141929     
   1.9050019923799950        218.42620627574698        218.19275786198676        21.905114159931433     
   2.1405019914379948        218.36891639182821        218.10880481794874        21.899291789228869     
   2.4025019903899949        218.31822886684364        218.02128528974475        21.895866962085105     
   2.6935019892259953        218.26286958616964        217.92748658217073        21.888096704854448     
   3.0165019879339949        218.20179072495407        217.82692831774364        21.881723819540074     
   3.3745019865019947        218.13945793230221        217.71999956670288        21.879670421832522     
   3.7710019849159950        218.07179947404427        217.60675164483669        21.874838787028136     
   4.2090019831639953        218.00349940663335        217.48720355164613        21.867888534905976     
   4.6930019812279955        217.93885116917011        217.36077312057171        21.860951542938672     
   5.2265019790939951        217.86782811697816        217.22702849410635        21.849602855665928     
   5.8140019767439943        217.79864359144801        217.08519665409418        21.836086873525907     
   6.4610019741559945        217.72475695431575        216.93318211555012        21.827095391157908     
   7.1715019713139956        217.64203029610542        216.76713259169418        21.810474146473773     
   7.9515019681939956        217.55474643704218        216.58642070404295        21.796674996179853     
   8.8065019647739948        217.46348033184870        216.39058259407267        21.778117851248162     
   9.7425019610299941        217.36396036622963        216.17930539327313        21.761034110952320     
   10.765501956937996        217.26053921339118        215.95251696751870        21.742013559206171     
   11.884001952463995        217.14902700409681        215.70983162014974        21.720038229332975     
   13.103001947587995        217.03761587815035        215.45173431052797        21.696179062339688     
   14.432001942271995        216.91573897736146        215.17775787493619        21.669091361740186     
   15.877001936491993        216.78921823413216        214.88780851156380        21.639948286245584     
   17.448501930205992        216.64928653697413        214.56846324025165        21.608808686474767     
   19.153001923387993        216.49495303705586        214.22293045734045        21.573675320150429     
   21.001001915995992        216.32447685393353        213.85201741276020        21.529526282286373     
   23.002001907992000        216.14797690746053        213.45649945708681        21.486921433687627     
   25.166001899335996        215.96204522534859        213.03765209317535        21.433994390304377     
   27.502001889991995        215.76564306024386        212.59709178834544        21.377723335123513     
   30.022501879909996        215.56587367053859        212.13525793126777        21.314934059299222     
   32.736501869053996        215.36295703576835        211.65244707021102        21.246863615024331     
   35.657001857371995        215.15045832527554        211.14763005698683        21.171299525352300     
   38.794001844823995        214.93571857242932        210.61997397514472        21.088819347573551     
   42.161001831355989        214.70561850024112        210.06357140200447        20.992286424980442     
   45.769501816921995        214.46011567288517        209.47692279427309        20.893166623570163     
   49.630501801477998        214.20293886255052        208.86120183608722        20.782214959516040     
   53.758501784965993        213.93267990002937        208.21700909573369        20.665076086229718     
   58.163501767345998        213.65023454119296        207.54550373031253        20.533480354322101     
   62.861501748553998        213.35159747010570        206.84669178384252        20.392631615231092     
   67.862001728552002        213.04538039676629        206.12133532881575        20.237324008251338     
   73.179001707283987        212.72594730516028        205.36936243424250        20.067767711686329     
   78.825001684699998        212.38767836658852        204.59065975208975        19.882762582245206     
   84.813001660748000        212.03667563174216        203.78506023880496        19.684662660167302     
   91.154501635381990        211.66636714474262        202.95302146979600        19.466850695871720     
   97.860001608559998        211.27931290705158        202.09527535118772        19.237407351855637     
   104.94050158023802        210.87281226406219        201.20890637415161        18.986103258653962     
   112.40900155036400        210.43126126431866        200.29057026647297        18.710676542890802     
   120.27700151889199        209.95957860790500        199.34230246566108        18.416332693120662     
   128.55450148578200        209.46949689913794        198.36633445447006        18.104281903806029     
   137.25150145099400        208.94613154736419        197.36472217960167        17.766213562679940     
   146.36750141453001        208.40187921449700        196.34043789553326        17.404951323374842     
   155.91300137634801        207.82677328143245        195.29479191405122        17.018825134998892     
   165.90800133636799        207.22097742835243        194.22715159782001        16.605338244950499     
   176.33200129467198        206.59160667097726        193.14125322068250        16.173902936675507     
   187.21550125113797        205.92325276198412        192.03610802510755        15.705785831306503     
   198.54800120580799        205.23208227653015        190.91502474089643        15.217094608403373     
   210.33050115867800        204.50308213875064        189.78018999637018        14.696361214457884     
   222.56150110975398        203.74083929516453        188.63394347094396        14.149094305159970     
   235.24250105902999        202.96096944251011        187.47825246814307        13.573023565675033     
   248.37250100650999        202.14186414593036        186.31397583612264        12.962263534099645     
   261.94200095223198        201.28222167342224        185.13400824723132        12.329874936787684     
   275.94050089623795        200.38474615004475        183.93962073752354        11.666041877292155     
   290.37850083848599        199.45368465096954        182.73363501173418        10.973208712885139     
   305.21600077913598        198.47973562952242        181.52326499875181        10.249501561166603     
   320.46300071814801        197.48442241964926        180.31116178394527        9.5024122422894237     
   336.09900065560396        196.45644857528913        179.10170900589461        8.7198188197201087     
   352.10500059158005        195.40648253636030        177.89751526594853        7.9129036137540050     
   368.46000052616000        194.33291226846617        176.70049728873647        7.0793567308533900     
   385.15450045938201        193.23384721046924        175.51147202814127        6.2192588246855554     
   402.14850039140600        192.11330473475053        174.33285146284297        5.3335548292996053     
   419.43250032227002        190.96959430317787        173.16450756267417        4.4210957435152833     
   436.96600025213610        189.80664711571478        172.00825054869318        3.4874375674525266     
   454.73900018104393        188.61853968279101        170.86380617109356        2.5262621230802251     
   472.70150010919400        187.41529588547286        169.73351012352225        1.5421624291994267     
   500.00000000000000        185.54486535843483        168.06008251643354        2.8404563618513639E-003
