   1.9999999949504854E-006   219.50647566788001        219.50467797578276        21.929402042077825     
   8.3001999667994944E-002   219.19454401926566        219.18325843560604        21.926299285004536     
   9.6001999615994954E-002   219.18284212845387        219.17027848261810        21.926214325270202     
  0.11050199955799496        219.17019236581251        219.15643648275457        21.926384941247733     
  0.12750199948999497        219.15588808532823        219.14085792812838        21.926307580761986     
  0.14650199941399497        219.14118791928908        219.12418057961386        21.926340871192238     
  0.16850199932599497        219.12518287838213        219.10419930226652        21.927585437093146     
  0.19300199922799496        219.10436948775916        219.08220105382239        21.928023522534854     
  0.22150199911399493        219.08610545653283        219.05742574521656        21.928753205772939     
  0.25350199898599496        219.06423372665918        219.03096674098344        21.929720823814922     
  0.29000199883999495        219.03903694098082        219.00254500301946        21.926285194670786     
  0.33150199867399494        219.01367121863890        218.97227305252434        21.922687056336795     
  0.37800199848799498        218.98756630536684        218.94051285659714        21.919555915137586     
  0.43100199827599495        218.95738424859212        218.90563007790067        21.916540905566194     
  0.49100199803599492        218.92499261779065        218.86727411063353        21.913237394641104     
  0.55850199776599496        218.89368075878139        218.82553562468490        21.909869042996199     
  0.63450199746199498        218.85503142543931        218.78020032679001        21.907590361535952     
  0.72000199711999502        218.81739388628219        218.73115921603406        21.905841351246810     
  0.81650199673399504        218.77905124812560        218.67823313786369        21.904197380812651     
  0.92450199630199492        218.73547062372720        218.62193032841552        21.900535459586632     
   1.0460019958159950        218.68939979674127        218.56119444392948        21.898603907805082     
   1.1820019952719951        218.64244848208230        218.49520635547989        21.896634932223556     
   1.3340019946639949        218.58951113688079        218.42487270146091        21.895221013213433     
   1.5040019939839948        218.53408312172081        218.35074405229241        21.890689778694487     
   1.6935019932259947        218.48117204027682        218.27340036905605        21.886026137268992     
   1.9050019923799950        218.42528836311544        218.19275786034731        21.881049537038763     
   2.1405019914379948        218.36872245125033        218.10880481630926        21.873920005975247     
   2.4025019903899949        218.31376540181162        218.02128528892504        21.870669916666294     
   2.6935019892259953        218.25953017421608        217.92748658176086        21.867526728036147     
   3.0165019879339949        218.20016942437044        217.82692831774364        21.861075718573137     
   3.3745019865019947        218.13733042915842        217.71999956670288        21.860157590871172     
   3.7710019849159950        218.07501241325897        217.60675163721396        21.856243928676996     
   4.2090019831639953        218.00375983850236        217.48720354954312        21.846381414774878     
   4.6930019812279955        217.93762094033394        217.36077312057171        21.838175565434877     
   5.2265019790939951        217.86735905531239        217.22702849410635        21.828346107310590     
   5.8140019767439943        217.79910395482639        217.08519665409418        21.816172286796899     
   6.4610019741559945        217.72565695149217        216.93318211555012        21.805226156005965     
   7.1715019713139956        217.64151134816967        216.76713259169418        21.788724569173418     
   7.9515019681939956        217.55344411548077        216.58642070404295        21.772946331475126     
   8.8065019647739948        217.46193246595999        216.39058259407267        21.757880327960486     
   9.7425019610299941        217.36498471658834        216.17930537007555        21.742393237367306     
   10.765501956937996        217.26218256904417        215.95251622886627        21.723870231016377     
   11.884001952463995        217.14892557925177        215.70982910703117        21.700759160524353     
   13.103001947587995        217.03627217400270        215.45172907304840        21.680077374577198     
   14.432001942271995        216.91460681987979        215.17774901652538        21.651925016875513     
   15.877001936491993        216.78885359488280        214.88779500552891        21.622455983636669     
   17.448501930205992        216.64702748236604        214.56844419629911        21.589889232641642     
   19.153001923387993        216.49245003288289        214.22290521386330        21.555994829871846     
   21.001001915995992        216.32245340219424        213.85198444864801        21.515084829376612     
   23.002001907992000        216.14724278881553        213.45645762290440        21.471141197739069     
   25.166001899335996        215.96037526829042        213.03760018430873        21.420187625109154     
   27.502001889991995        215.76761956816060        212.59702805765113        21.363139348921770     
   30.022501879909996        215.56809397960262        212.13518140456549        21.300693982175360     
   32.736501869053996        215.36531623415908        211.65235524371201        21.232466352478870     
   35.657001857371995        215.15235344745184        211.14752196882688        21.157123900360343     
   38.794001844823995        214.93792784088933        210.61984800846750        21.072509505900634     
   42.161001831355989        214.70911925376154        210.06342572477902        20.979523623301869     
   45.769501816921995        214.46447558768301        209.47675282763902        20.879596675596495     
   49.630501801477998        214.20918443445277        208.86100900251142        20.768516293347076     
   53.758501784965993        213.93723687545869        208.21678965342454        20.648154731928699     
   58.163501767345998        213.65495366351541        207.54525721583934        20.514099552189169     
   62.861501748553998        213.36030138622704        206.84641520420035        20.371727651474274     
   67.862001728552002        213.05090175802169        206.12102518780139        20.215856561474247     
   73.179001707283987        212.73206770459308        205.36901826505229        20.045782367002808     
   78.825001684699998        212.39218688055271        204.59027065926603        19.858255740958871     
   84.813001660748000        212.04232132810051        203.78461686938968        19.659737726520131     
   91.154501635381990        211.66963654634853        202.95251103143809        19.439443426344976     
   97.860001608559998        211.28211716065920        202.09467770098880        19.206256999625680     
   104.94050158023802        210.87127095393819        201.20820293675249        18.952699652550365     
   112.40900155036400        210.43245883334012        200.28962106106044        18.679963498950702     
   120.27700151889199        209.96230225388550        199.34083158094469        18.385436153101082     
   128.55450148578200        209.47088799876138        198.36379027710470        18.072553724872595     
   137.25150145099400        208.94498896732833        197.36026956286420        17.734808888414094     
   146.36750141453001        208.39578436784882        196.33287995760634        17.373503415627166     
   155.91300137634801        207.81798688931514        195.28199406478296        16.988421365401344     
   165.90800133636799        207.20692688042976        194.20542582123355        16.575191146640574     
   176.33200129467198        206.55807378561454        193.10600721195635        16.138054420109835     
   187.21550125113797        205.87719945642627        191.98246940282255        15.671434956719279     
   198.54800120580799        205.15318081741052        190.83528285740610        15.178815246075629     
   210.33050115867800        204.39029310376412        189.66250934214250        14.657852568028353     
   222.56150110975398        203.57671175200792        188.46056563362225        14.107954870263146     
   235.24250105902999        202.71541416583503        187.23065734395587        13.530928590969507     
   248.37250100650999        201.80878579370327        185.97661893630365        12.924077765504977     
   261.94200095223198        200.83822906770823        184.68424343365129        12.289815994066139     
   275.94050089623795        199.79600483177907        183.34609104737152        11.625573663207732     
   290.37850083848599        198.67435479214333        181.95437432379305        10.932091841346590     
   305.21600077913598        197.46501284613808        180.50458934671232        10.211262367465899     
   320.46300071814801        196.16066159130185        178.98566449859430        9.4640817376099147     
   336.09900065560396        194.79100944162636        177.43508544708507        8.6862198635777972     
   352.10500059158005        193.35683105697044        175.85112517524055        7.8815332591814551     
   368.46000052616000        191.85283208914154        174.22785130100721        7.0505531440673321     
   385.15450045938201        190.26846530895341        172.55857609608964        6.1931946454268632     
   402.14850039140600        188.60548643319049        170.84118112989194        5.3115015988638667     
   419.43250032227002        186.85590878060060        169.07226299527684        4.4042682865575955     
   436.96600025213610        185.02454950452164        167.25328445906766        3.4732364951272512     
   454.73900018104393        183.10626720804754        165.38550214204622        2.5172192779547213     
   472.70150010919400        181.11050550148599        163.47659614143132        1.5357065244901209     
   500.00000000000000        177.95284630742839        160.53508970846417        7.4153181794877373E-004
