   1.9999999949504854E-006   219.52294719949202        219.52062320709226        21.955854293072182     
   8.3001999667994944E-002   219.29732819053780        219.29137508745154        21.952480148393530     
   9.6001999615994954E-002   219.28647841046785        219.27987103728401        21.952310364801722     
  0.11050199955799496        219.27476979847086        219.26753676595314        21.952337983983078     
  0.12750199948999497        219.26181263046075        219.25370205800942        21.952259718520196     
  0.14650199941399497        219.24819607509912        219.23899628643909        21.952331164286388     
  0.16850199932599497        219.23308551283816        219.22284988271329        21.952288151793979     
  0.19300199922799496        219.21751950123394        219.20585699987879        21.952247025022650     
  0.22150199911399493        219.20057534314145        219.18719408519689        21.952353692187014     
  0.25350199898599496        219.18780234018004        219.16634517186444        21.953898936092134     
  0.29000199883999495        219.16974571435057        219.14386850175478        21.954542202204568     
  0.33150199867399494        219.15017605120380        219.11979200088663        21.956073035323030     
  0.37800199848799498        219.12798175890023        219.09444542482612        21.952602776131286     
  0.43100199827599495        219.10503390432766        219.06741570826912        21.950268644525277     
  0.49100199803599492        219.07982834319714        219.03891678158550        21.947244094342050     
  0.55850199776599496        219.05588019060460        219.00913684591006        21.945010386492292     
  0.63450199746199498        219.03243669066342        218.97806805334031        21.942793527984087     
  0.72000199711999502        219.00681924980000        218.94563649357815        21.940048492271742     
  0.81650199673399504        218.98711319134628        218.91155843753029        21.937734088006795     
  0.92450199630199492        218.96343678033364        218.87581522318965        21.934982615572611     
   1.0460019958159950        218.94061724192082        218.83745371279849        21.932172055340395     
   1.1820019952719951        218.91183499770918        218.79520938197510        21.930196081241920     
   1.3340019946639949        218.88500317098166        218.74913192855593        21.929142987163317     
   1.5040019939839948        218.85292787618684        218.69909467692085        21.924609542157327     
   1.6935019932259947        218.82120393246819        218.64509577074452        21.919913225700316     
   1.9050019923799950        218.78919255495921        218.58678029854352        21.915009667613496     
   2.1405019914379948        218.75464330676232        218.52392684984278        21.909297585161635     
   2.4025019903899949        218.72311826279321        218.45614090728114        21.905610739605816     
   2.6935019892259953        218.68440581269192        218.38080216840029        21.900847930589105     
   3.0165019879339949        218.64172273697889        218.29693995206506        21.895139100036140     
   3.3745019865019947        218.59309810923568        218.20465289934378        21.893576663880243     
   3.7710019849159950        218.54756253398517        218.10377068978937        21.889344155976701     
   4.2090019831639953        218.48792499762686        217.99417580590853        21.878498611971814     
   4.6930019812279955        218.42842072988381        217.87536510056293        21.870251138498425     
   5.2265019790939951        218.36155041620555        217.74719866139426        21.861018310318929     
   5.8140019767439943        218.29255457592873        217.60925711278816        21.848580701190709     
   6.4610019741559945        218.22129772409713        217.46093315875567        21.837621745076383     
   7.1715019713139956        218.14342815332483        217.30199498155326        21.821368002962139     
   7.9515019681939956        218.06552998734233        217.13185108596392        21.805068926443035     
   8.8065019647739948        217.98605107300531        216.95012731529735        21.788358227622524     
   9.7425019610299941        217.90618160415315        216.75648125634493        21.771947846036081     
   10.765501956937996        217.82413799109474        216.54806694847068        21.753039968004810     
   11.884001952463995        217.73007184942657        216.32324367490335        21.730530239794316     
   13.103001947587995        217.63428591135406        216.08311838410995        21.708667064663498     
   14.432001942271995        217.53380963945176        215.82770751700048        21.681728221129948     
   15.877001936491993        217.42768326232948        215.55741092248735        21.650781524828766     
   17.448501930205992        217.32100802495256        215.27137180266547        21.618889523234682     
   19.153001923387993        217.21192890823747        214.96945659063257        21.585524624547681     
   21.001001915995992        217.09636729123793        214.65040302272737        21.543303972880754     
   23.002001907992000        216.97950293653852        214.31302021487531        21.498261477906190     
   25.166001899335996        216.85264362670679        213.95596333122316        21.445380771028162     
   27.502001889991995        216.72062818202861        213.57505922570883        21.387426112255497     
   30.022501879909996        216.57809407649495        213.16895244183911        21.325320724891785     
   32.736501869053996        216.42638765935757        212.73711687843377        21.256339410128376     
   35.657001857371995        216.26309601206728        212.27852933745615        21.180764130741888     
   38.794001844823995        216.08846327019782        211.79275088815996        21.094453210465716     
   42.161001831355989        215.90066816144764        211.27901229936140        21.003166179958662     
   45.769501816921995        215.70233748176881        210.73707414986200        20.902468317169159     
   49.630501801477998        215.49007610528508        210.16697356593778        20.791110367030068     
   53.758501784965993        215.26172024205249        209.56570611875298        20.669916057770926     
   58.163501767345998        215.01906603430032        208.93333924298406        20.537402694418738     
   62.861501748553998        214.76045750425368        208.27019830955237        20.396307047871378     
   67.862001728552002        214.48736263671762        207.57756977455659        20.240510312624394     
   73.179001707283987        214.19783277140866        206.85608527119041        20.071050588530188     
   78.825001684699998        213.89355948489859        206.10620369726553        19.886473242517866     
   84.813001660748000        213.56935974076970        205.32827689299614        19.686658712952443     
   91.154501635381990        213.22405061587904        204.52329998946277        19.468787203972926     
   97.860001608559998        212.86331655533488        203.69239587356932        19.234136240776746     
   104.94050158023802        212.48343184517995        202.83458390968184        18.981169407236070     
   112.40900155036400        212.07849633662573        201.94621455560866        18.706137250027304     
   120.27700151889199        211.64313917530094        201.02925562951023        18.412032885263034     
   128.55450148578200        211.18487845101649        200.08569088817342        18.095848579878847     
   137.25150145099400        210.69879505718563        199.11453701342947        17.758429382235089     
   146.36750141453001        210.17764609668654        198.11795218676673        17.395630336110578     
   155.91300137634801        209.63200301673706        197.09714548249468        17.008135891907848     
   165.90800133636799        209.05064514156399        196.05184696023804        16.595074667365900     
   176.33200129467198        208.43632771875019        194.98589494833917        16.157068606120756     
   187.21550125113797        207.78646288381822        193.89779889714350        15.690027654671999     
   198.54800120580799        207.10312505510873        192.78942956839376        15.197675297611204     
   210.33050115867800        206.38509119230079        191.66104783616038        14.676979344077200     
   222.56150110975398        205.62769000215462        190.51230890725549        14.127496767110468     
   235.24250105902999        204.82948613108820        189.34453004472337        13.552494129526849     
   248.37250100650999        203.99272302871458        188.16072407007118        12.945746950317405     
   261.94200095223198        203.11350048244910        186.95876951707970        12.310933716620296     
   275.94050089623795        202.18577179744261        185.73593802797865        11.646537521964941     
   290.37850083848599        201.20887143843402        184.48554629090901        10.952487335575990     
   305.21600077913598        200.16495686852551        183.20198505581627        10.229587839709179     
   320.46300071814801        199.05386724407290        181.87701618522817        9.4804229229241983     
   336.09900065560396        197.88749947001278        180.52829207316793        8.7039904499126077     
   352.10500059158005        196.66579344150145        179.15485662599218        7.8978722718061958     
   368.46000052616000        195.38657859029811        177.75343010718754        7.0655173755322682     
   385.15450045938201        194.04118931380481        176.31940969480519        6.2070242224823771     
   402.14850039140600        192.63036635245899        174.85131675166383        5.3233095859105335     
   419.43250032227002        191.14737397671874        173.34545936018273        4.4133513566678992     
   436.96600025213610        189.59295344730842        171.80122949666534        3.4804640614040698     
   454.73900018104393        187.96247550832746        170.21679625706568        2.5227615334299966     
   472.70150010919400        186.26144919308999        168.59533268529626        1.5395661680202541     
   500.00000000000000        183.54826748033148        166.08848068698856        6.8040596385382437E-004
