   1.9999999949504854E-006   2.6977404226935709E-004   0.0000000000000000        140.15597577789390     
   8.3001999667994944E-002  0.52379234329976110        0.0000000000000000        140.15597643133626     
   9.6001999615994954E-002  0.55694578786479632        0.0000000000000000        140.15597643180681     
  0.11050199955799496       0.59287409396818869        0.0000000000000000        140.15597643227736     
  0.12750199948999497       0.63359880436946125        0.0000000000000000        140.15597643274788     
  0.14650199941399497       0.67727988234700487        0.0000000000000000        140.15597643368898     
  0.16850199932599497       0.72559271771982381        0.0000000000000000        140.15597644190038     
  0.19300199922799496       0.77667739980326211        0.0000000000000000        140.15597646815306     
  0.22150199911399493       0.83282844684341262        0.0000000000000000        140.15597649852091     
  0.25350199898599496       0.89200790779161165        0.0000000000000000        140.15597665417596     
  0.29000199883999495       0.95503789179572030        0.0000000000000000        140.15597678850108     
  0.33150199867399494        1.0215583432017372        0.0000000000000000        140.15597702572597     
  0.37800199848799498        1.0903804905973327        0.0000000000000000        140.15597760632076     
  0.43100199827599495        1.1624522500611736        0.0000000000000000        140.15597832460398     
  0.49100199803599492        1.2369989007772009        0.0000000000000000        140.15597922246778     
  0.55850199776599496        1.3132549910146889        0.0000000000000000        140.15598092380264     
  0.63450199746199498        1.3909712817792046        0.0000000000000000        140.15598307994605     
  0.72000199711999502        1.4697547184175019        0.0000000000000000        140.15598559038912     
  0.81650199673399504        1.5495136714879947        0.0000000000000000        140.15598903744296     
  0.92450199630199492        1.6292340926726379        0.0000000000000000        140.15599306286808     
   1.0460019958159950        1.7122470013246349        0.0000000000000000        140.15599823671823     
   1.1820019952719951        1.8057985667466840        0.0000000000000000        140.15600596326266     
   1.3340019946639949        1.9061734634318002        0.0000000000000000        140.15601611718324     
   1.5040019939839948        2.0102093957956617        0.0000000000000000        140.15602951970112     
   1.6935019932259947        2.1150361926896082        0.0000000000000000        140.15605568400912     
   1.9050019923799950        2.2191109872604953        0.0000000000000000        140.15609208804381     
   2.1405019914379948        2.3213636832732067        0.0000000000000000        140.15615118062576     
   2.4025019903899949        2.4215496991601331        0.0000000000000000        140.15622624365665     
   2.6935019892259953        2.5272376608847575        0.0000000000000000        140.15633718016716     
   3.0165019879339949        2.6420074100426714        0.0000000000000000        140.15651003943654     
   3.3745019865019947        2.7625618236425771        0.0000000000000000        140.15674320167255     
   3.7710019849159950        2.8871164332481456        0.0000000000000000        140.15706643809361     
   4.2090019831639953        3.0144421162463950        0.0000000000000000        140.15748493189179     
   4.6930019812279955        3.1442183629179303        0.0000000000000000        140.15801425666962     
   5.2265019790939951        3.2760840309433639        0.0000000000000000        140.15873422166328     
   5.8140019767439943        3.4099765577490908        0.0000000000000000        140.15961895351776     
   6.4610019741559945        3.5461264142490427        0.0000000000000000        140.16067312389839     
   7.1715019713139956        3.6844439767521875        0.0000000000000000        140.16197047993217     
   7.9515019681939956        3.8252338710469322        0.0000000000000000        140.16352476871711     
   8.8065019647739948        3.9685419270973910        0.0000000000000000        140.16533838410240     
   9.7425019610299941        4.1144486428673019        0.0000000000000000        140.16744035025238     
   10.765501956937996        4.2714103373059551        0.0000000000000000        140.17011098609649     
   11.884001952463995        4.4433944400589889        0.0000000000000000        140.17350942429590     
   13.103001947587995        4.6277185096347866        0.0000000000000000        140.17768754908121     
   14.432001942271995        4.8228134082025180        0.0000000000000000        140.18281227232498     
   15.877001936491993        5.0268979519264354        0.0000000000000000        140.18895499192149     
   17.448501930205992        5.2391370846207446        0.0000000000000000        140.19624587097553     
   19.153001923387993        5.4582978503333637        0.0000000000000000        140.20480748699160     
   21.001001915995992        5.6838155407605457        0.0000000000000000        140.21490551590745     
   23.002001907992000        5.9148551401755860        0.0000000000000000        140.22660905867062     
   25.166001899335996        6.1505769009247819        0.0000000000000000        140.24015905115965     
   27.502001889991995        6.4028084753536092        0.0000000000000000        140.25666532966815     
   30.022501879909996        6.6686955706051876        0.0000000000000000        140.27658478801806     
   32.736501869053996        6.9436823144465203        0.0000000000000000        140.30026473996548     
   35.657001857371995        7.2236855924396526        0.0000000000000000        140.32829163859429     
   38.794001844823995        7.5043853258790509        0.0000000000000000        140.36114096259027     
   42.161001831355989        7.7821450546190647        0.0000000000000000        140.39936486709016     
   45.769501816921995        8.0536682018175423        0.0000000000000000        140.44371242570111     
   49.630501801477998        8.3162643339777809        0.0000000000000000        140.49494194827111     
   53.758501784965993        8.5768348959460923        0.0000000000000000        140.55612922265007     
   58.163501767345998        8.8335455703794210        0.0000000000000000        140.62969580942743     
   62.861501748553998        9.0829080860694162        0.0000000000000000        140.71818391546910     
   67.862001728552002        9.3227755617246455        0.0000000000000000        140.82511331210873     
   73.179001707283987        9.5529040139889947        0.0000000000000000        140.95969377149194     
   78.825001684699998        9.8170278517089304        0.0000000000000000        141.16640349493431     
   84.813001660748000        10.148315880609928        0.0000000000000000        141.45772624961265     
   91.154501635381990        10.500379779439726        0.0000000000000000        141.78123703604257     
   97.860001608559998        10.862315395087135        0.0000000000000000        142.14525080772262     
   104.94050158023802        11.244120349374938        0.0000000000000000        142.61449476970955     
   112.40900155036400        12.137914051879607        0.0000000000000000        143.59086578908480     
   120.27700151889199        13.222337284822695        0.0000000000000000        144.64115865857354     
   128.55450148578200        14.454446164624306        0.0000000000000000        145.75626529338058     
   137.25150145099400        15.889167464850715        0.0000000000000000        146.98405043664815     
   146.36750141453001        17.531362747722092        0.0000000000000000        148.33685467945813     
   155.91300137634801        19.382129851547077        0.0000000000000000        149.81938039445581     
   165.90800133636799        21.460824129337638        0.0000000000000000        151.43446784730693     
   176.33200129467198        23.775940565038610        0.0000000000000000        153.17580870362522     
   187.21550125113797        26.335617722681683        0.0000000000000000        155.04062433040721     
   198.54800120580799        29.163713855381410        0.0000000000000000        157.03794996635199     
   210.33050115867800        32.275735182132571        0.0000000000000000        159.16200007732886     
   222.56150110975398        35.721927399289072        0.0000000000000000        161.42753796278927     
   235.24250105902999        39.528265026376495        0.0000000000000000        163.82310825755752     
   248.37250100650999        43.713967558464603        0.0000000000000000        166.33651965398724     
   261.94200095223198        48.374075388423698        0.0000000000000000        168.97926284232886     
   275.94050089623795        53.569389641877379        0.0000000000000000        171.75374868175570     
   290.37850083848599        59.378545975731534        0.0000000000000000        174.68912471099495     
   305.21600077913598        65.909705983723143        0.0000000000000000        177.86719670237159     
   320.46300071814801        73.062092880904416        0.0000000000000000        181.29179807698708     
   336.09900065560396        80.603038181769818        0.0000000000000000        184.90161439532125     
   352.10500059158005        88.428778030373422        0.0000000000000000        188.65922301741085     
   368.46000052616000        96.498743605054315        0.0000000000000000        192.55137017365931     
   385.15450045938201        104.79244085422260        0.0000000000000000        196.55320410003671     
   402.14850039140600        113.25376163088522        0.0000000000000000        200.61435747289579     
   419.43250032227002        121.85059355009597        0.0000000000000000        204.70253902015668     
   436.96600025213610        130.55902782360604        0.0000000000000000        208.77955807198614     
   454.73900018104393        139.34711881491913        0.0000000000000000        212.76980405516312     
   472.70150010919400        148.17783476036107        0.0000000000000000        216.54718513252439     
   500.00000000000000        161.90059071968182        0.0000000000000000        221.24106078099385     
