   1.9999999949504854E-006   1.7998100710345993E-002   0.0000000000000000        147.12257869489270     
   8.3001999667994944E-002  0.44306611123029827        0.0000000000000000        147.12257856298282     
   9.6001999615994954E-002  0.46859101018004956        0.0000000000000000        147.12257856298282     
  0.11050199955799496       0.49799707478783950        0.0000000000000000        147.12257856298282     
  0.12750199948999497       0.53299046805030548        0.0000000000000000        147.12257856298282     
  0.14650199941399497       0.57196540772210736        0.0000000000000000        147.12257856298282     
  0.16850199932599497       0.61867245602516485        0.0000000000000000        147.12257856345337     
  0.19300199922799496       0.67379254931344046        0.0000000000000000        147.12257856345337     
  0.22150199911399493       0.73933428501115195        0.0000000000000000        147.12257856488645     
  0.25350199898599496       0.81218012047483734        0.0000000000000000        147.12257856693964     
  0.29000199883999495       0.89269629318890809        0.0000000000000000        147.12257851887097     
  0.33150199867399494       0.97980263192035277        0.0000000000000000        147.12257852091750     
  0.37800199848799498        1.0713128199439628        0.0000000000000000        147.12257853354026     
  0.43100199827599495        1.1743211157003490        0.0000000000000000        147.12257854927469     
  0.49100199803599492        1.2894893134264656        0.0000000000000000        147.12257862863999     
  0.55850199776599496        1.4124096347394890        0.0000000000000000        147.12257870425572     
  0.63450199746199498        1.5398900181897162        0.0000000000000000        147.12257888076766     
  0.72000199711999502        1.6689615570917087        0.0000000000000000        147.12257933179075     
  0.81650199673399504        1.7976631295141141        0.0000000000000000        147.12257993027538     
  0.92450199630199492        1.9230137925365622        0.0000000000000000        147.12258068772877     
   1.0460019958159950        2.0488407795493777        0.0000000000000000        147.12258306738772     
   1.1820019952719951        2.1782546103152667        0.0000000000000000        147.12258712358374     
   1.3340019946639949        2.3060301182198142        0.0000000000000000        147.12259398799461     
   1.5040019939839948        2.4295253749600709        0.0000000000000000        147.12260312265332     
   1.6935019932259947        2.5475065634413392        0.0000000000000000        147.12261539744770     
   1.9050019923799950        2.6605935711727540        0.0000000000000000        147.12263105992355     
   2.1405019914379948        2.7695776522317770        0.0000000000000000        147.12265089812217     
   2.4025019903899949        2.8755525024314026        0.0000000000000000        147.12267705596366     
   2.6935019892259953        2.9851931255178341        0.0000000000000000        147.12271061333757     
   3.0165019879339949        3.1005273238533646        0.0000000000000000        147.12276032031110     
   3.3745019865019947        3.2193739941559625        0.0000000000000000        147.12283405206642     
   3.7710019849159950        3.3402669633161524        0.0000000000000000        147.12293648993784     
   4.2090019831639953        3.4619425559418904        0.0000000000000000        147.12307545230664     
   4.6930019812279955        3.5838302347823214        0.0000000000000000        147.12324331614792     
   5.2265019790939951        3.7051990739995748        0.0000000000000000        147.12344964678852     
   5.8140019767439943        3.8256433073883382        0.0000000000000000        147.12372999964742     
   6.4610019741559945        3.9472624026901717        0.0000000000000000        147.12406807502492     
   7.1715019713139956        4.0760205256267588        0.0000000000000000        147.12449702498273     
   7.9515019681939956        4.2088253575886183        0.0000000000000000        147.12507549896537     
   8.8065019647739948        4.3430807857835516        0.0000000000000000        147.12578602116218     
   9.7425019610299941        4.4768526245311344        0.0000000000000000        147.12668908874838     
   10.765501956937996        4.6086119453024006        0.0000000000000000        147.12781871793305     
   11.884001952463995        4.7374904724583269        0.0000000000000000        147.12917828248933     
   13.103001947587995        4.8624421345692799        0.0000000000000000        147.13077123326298     
   14.432001942271995        4.9831295152621271        0.0000000000000000        147.13263080463321     
   15.877001936491993        5.0992778499759721        0.0000000000000000        147.13480648196997     
   17.448501930205992        5.2223762997614900        0.0000000000000000        147.13782504685400     
   19.153001923387993        5.3471315873708329        0.0000000000000000        147.14167894005931     
   21.001001915995992        5.4700826833193208        0.0000000000000000        147.14651784724799     
   23.002001907992000        5.5891022129399159        0.0000000000000000        147.15245718272615     
   25.166001899335996        5.7031393383103275        0.0000000000000000        147.15963010942062     
   27.502001889991995        5.8117837081588499        0.0000000000000000        147.16826813187757     
   30.022501879909996        5.9151629197597169        0.0000000000000000        147.17847263382151     
   32.736501869053996        6.0134405452686837        0.0000000000000000        147.19043325138557     
   35.657001857371995        6.1070427406409928        0.0000000000000000        147.20436503878352     
   38.794001844823995        6.1963342501152372        0.0000000000000000        147.22053583800755     
   42.161001831355989        6.2898533574615358        0.0000000000000000        147.24100685444077     
   45.769501816921995        6.3896729443392521        0.0000000000000000        147.26731493719706     
   49.630501801477998        6.4942011055593847        0.0000000000000000        147.30027880452269     
   53.758501784965993        6.6024189999890837        0.0000000000000000        147.34095829659913     
   58.163501767345998        6.7134754292224104        0.0000000000000000        147.39064479639211     
   62.861501748553998        6.8268932973331315        0.0000000000000000        147.45131942132065     
   67.862001728552002        6.9420913683609866        0.0000000000000000        147.52555193265215     
   73.179001707283987        7.0586721949697413        0.0000000000000000        147.62085679387707     
   78.825001684699998        7.2245074142227175        0.0000000000000000        147.78693549015736     
   84.813001660748000        7.4702931163970057        0.0000000000000000        148.03969994348827     
   91.154501635381990        7.7367314620862455        0.0000000000000000        148.31766718195666     
   97.860001608559998        8.0101877514458177        0.0000000000000000        148.62391359679452     
   104.94050158023802        8.3017050439298217        0.0000000000000000        149.02073050284022     
   112.40900155036400        9.1624706798564812        0.0000000000000000        150.00395340306440     
   120.27700151889199        10.198912116208774        0.0000000000000000        151.09544698986019     
   128.55450148578200        11.371365375626315        0.0000000000000000        152.29817513328300     
   137.25150145099400        12.671191971969307        0.0000000000000000        153.60739477628019     
   146.36750141453001        14.097762931297178        0.0000000000000000        155.02119456092950     
   155.91300137634801        15.655595941269901        0.0000000000000000        156.53946869098698     
   165.90800133636799        17.506073167224116        0.0000000000000000        158.19604011810711     
   176.33200129467198        19.761766946414305        0.0000000000000000        160.00319811179463     
   187.21550125113797        22.366341787493436        0.0000000000000000        161.95886622078373     
   198.54800120580799        25.258973842695045        0.0000000000000000        164.06389344643685     
   210.33050115867800        28.359479353936425        0.0000000000000000        166.29981426905286     
   222.56150110975398        31.622372006901351        0.0000000000000000        168.66522756650326     
   235.24250105902999        35.010627327270001        0.0000000000000000        171.13793671152635     
   248.37250100650999        38.498285612682707        0.0000000000000000        173.72687530307044     
   261.94200095223198        42.183648310438016        0.0000000000000000        176.46017657794894     
   275.94050089623795        46.085919228120375        0.0000000000000000        179.33500640343584     
   290.37850083848599        50.192424905678543        0.0000000000000000        182.33309775018529     
   305.21600077913598        54.483881909392579        0.0000000000000000        185.43473097064410     
   320.46300071814801        58.951565930782571        0.0000000000000000        188.62403199982219     
   336.09900065560396        63.579403428781283        0.0000000000000000        191.87427445914111     
   352.10500059158005        68.376905715791935        0.0000000000000000        195.17230179409287     
   368.46000052616000        73.346395391688176        0.0000000000000000        198.52217304864459     
   385.15450045938201        78.451932572909953        0.0000000000000000        201.89775049922363     
   402.14850039140600        83.643070045806752        0.0000000000000000        205.25357010272995     
   419.43250032227002        88.892476506425112        0.0000000000000000        208.56160921292977     
   436.96600025213610        94.184149769473322        0.0000000000000000        211.79085832892358     
   454.73900018104393        99.494715550331620        0.0000000000000000        214.88413479820730     
   472.70150010919400        104.80124879432972        0.0000000000000000        217.75950808420225     
   500.00000000000000        112.78705316188999        0.0000000000000000        221.24053190414278     
