   10.740500000000001       0.12259832139147912        0.0000000000000000        212.14107992242333     
   12.361599999999999       0.13419146628010090        0.0000000000000000        212.14107992242333     
   14.388199999999999       0.13857588291484862        0.0000000000000000        212.14107992242333     
   16.600199966799494        1.4565402165411709        0.0000000000000000        212.14107992242333     
   19.200199961599495        2.0518759227655674        0.0000000000000000        212.14107992242333     
   22.100199955799496        2.5474106350847605        0.0000000000000000        212.14107992242333     
   25.500199948999498        3.0326327258378423        0.0000000000000000        212.14107992242333     
   29.300199941399498        3.5053156999347843        0.0000000000000000        212.14107992242333     
   33.700199932599496        3.9969264419972763        0.0000000000000000        212.14107992242333     
   38.600199922799497        4.4958397739093376        0.0000000000000000        212.14107992242333     
   44.300199911399496        5.0294573199097297        0.0000000000000000        212.14107996198175     
   50.700199898599493        5.5788524097812662        0.0000000000000000        212.14107999188900     
   58.000199883999493        6.1520880206843840        0.0000000000000000        212.14108039922235     
   66.300199867399485        6.7451967452058295        0.0000000000000000        212.14108076604364     
   75.600199848799505        7.3476867789342748        0.0000000000000000        212.14108171395776     
   86.200199827599505        7.9697799001580556        0.0000000000000000        212.14108267152307     
   98.200199803599503        8.6063305400804779        0.0000000000000000        212.14108385396480     
   111.70019977659949        9.2430731749555974        0.0000000000000000        212.14108540227414     
   126.90019974619948        9.8774093584651084        0.0000000000000000        212.14109792370317     
   144.00019971199950        10.504851448840295        0.0000000000000000        212.14112490902426     
   163.30019967339948        11.119626523767357        0.0000000000000000        212.14116016754627     
   184.90019963019947        11.708373837728201        0.0000000000000000        212.14120332906722     
   209.20019958159952        12.270248086504298        0.0000000000000000        212.14125783887863     
   236.40019952719950        12.805649264725369        0.0000000000000000        212.14138046524525     
   266.80019946639948        13.326115319751411        0.0000000000000000        212.14153349733351     
   300.80019939839946        13.851589649561735        0.0000000000000000        212.14172403669835     
   338.70019932259947        14.401851946463996        0.0000000000000000        212.14196324765680     
   381.00019923799948        14.994771601035175        0.0000000000000000        212.14226128493311     
   428.10019914379944        15.636710488056831        0.0000000000000000        212.14263472284316     
   480.50019903899954        16.324345334558533        0.0000000000000000        212.14309582976819     
   538.70019892259950        17.045164971789152        0.0000000000000000        212.14387218743801     
   603.30019879339955        17.781368135683341        0.0000000000000000        212.14482905714510     
   674.90019865019940        18.512469031319814        0.0000000000000000        212.14601845123769     
   754.20019849159951        19.219938365861200        0.0000000000000000        212.14753961807253     
   841.80019831639947        19.888254400854102        0.0000000000000000        212.14941220625877     
   938.60019812279950        20.511642704029175        0.0000000000000000        212.15171837563037     
   1045.3001979093995        21.085769367332567        0.0000000000000000        212.15452254795554     
   1162.8001976743994        21.611737537531422        0.0000000000000000        212.15787099903588     
   1292.2001974155994        22.114013907989726        0.0000000000000000        212.16186902039050     
   1434.3001971313995        22.614649849938974        0.0000000000000000        212.16696289112093     
   1590.3001968193996        23.133188844596805        0.0000000000000000        212.17304127508640     
   1761.3001964773996        23.683411401040530        0.0000000000000000        212.18030659010407     
   1948.5001961029993        24.273601085962273        0.0000000000000000        212.18895854988099     
   2153.1001956937994        25.198079788608261        0.0000000000000000        212.19999757305146     
   2376.8001952463997        26.251664768102600        0.0000000000000000        212.21358827759269     
   2620.6001947587997        27.376354768994506        0.0000000000000000        212.23031418471339     
   2886.4001942271998        28.565644235492151        0.0000000000000000        212.25074212141519     
   3175.4001936491991        29.806339698171310        0.0000000000000000        212.27554414497382     
   3489.7001930205997        31.090104058943417        0.0000000000000000        212.30560277055741     
   3830.6001923387994        32.404435762651225        0.0000000000000000        212.34191395716672     
   4200.2001915995988        33.740011939239025        0.0000000000000000        212.38563416244983     
   4600.4001907991997        35.087444844191069        0.0000000000000000        212.43813868350031     
   5033.2001899336001        36.439931321980552        0.0000000000000000        212.50144492704868     
   5500.4001889991987        37.790435234978979        0.0000000000000000        212.57670604655746     
   6004.5001879909996        39.140903562381816        0.0000000000000000        212.66615495209217     
   6547.3001869054006        40.495015700846196        0.0000000000000000        212.77231635130883     
   7131.4001857371995        41.861889753008526        0.0000000000000000        212.89834260620597     
   7758.8001844824003        43.250957523341619        0.0000000000000000        213.04787666690353     
   8432.2001831355992        44.673117399835640        0.0000000000000000        213.22550635843280     
   9153.9001816921991        46.136141879699679        0.0000000000000000        213.43673201703072     
   9926.1001801477996        47.644345297185012        0.0000000000000000        213.68836225430971     
   10751.700178496600        49.164492198127114        0.0000000000000000        213.98018705510137     
   11632.700176734599        50.686982557351399        0.0000000000000000        214.31674733969686     
   12572.300174855400        52.215385818593013        0.0000000000000000        214.70838869476796     
   13572.400172855199        53.749266604383436        0.0000000000000000        215.17049583697801     
   14635.800170728398        55.288556179761208        0.0000000000000000        215.74022989587309     
   15765.000168470002        56.991771306912931        0.0000000000000000        216.55825889198306     
   16962.600166074801        59.005469311422473        0.0000000000000000        217.66356111309051     
   18230.900163538201        61.189704473720795        0.0000000000000000        218.90593272772787     
   19572.000160856001        63.483370928273153        0.0000000000000000        220.32716952958106     
   20988.100158023801        65.881508410088657        0.0000000000000000        222.15123545341967     
   22481.800155036399        70.254628851401790        0.0000000000000000        225.62352156533717     
   24055.400151889200        75.822195429186849        0.0000000000000000        229.40845475788592     
   25710.900148578196        82.387563974701962        0.0000000000000000        233.54339301480292     
   27450.300145099402        89.889751863049639        0.0000000000000000        238.06432952577111     
   29273.500141453002        98.047080112957474        0.0000000000000000        242.90468469226366     
   31182.600137634796        106.75054042759876        0.0000000000000000        248.05599180169582     
   33181.600133636799        115.98948747303930        0.0000000000000000        253.52980044950959     
   35266.400129467198        125.75990369362236        0.0000000000000000        259.30331970107557     
   37443.100125113800        136.14196268685492        0.0000000000000000        265.37854023942475     
   39709.600120580799        147.33168913451459        0.0000000000000000        271.81528443597318     
   42066.100115867797        159.60425274456981        0.0000000000000000        278.76692693555833     
   44512.300110975397        172.75414763151883        0.0000000000000000        286.31402999390605     
   47048.500105902996        186.04511123151065        0.0000000000000000        294.26017312386034     
   49674.500100650999        199.47211435842516        0.0000000000000000        302.58551355733391     
   52388.400095223202        213.09404441786288        0.0000000000000000        311.26208281391143     
   55188.100089623797        226.98646165359497        0.0000000000000000        320.27618245431415     
   58075.700083848598        241.21637038549426        0.0000000000000000        329.60443642013547     
   61043.200077913592        255.82489889621257        0.0000000000000000        339.22751036884790     
   64092.600071814799        270.86790129055026        0.0000000000000000        349.13921700028891     
   67219.800065560397        286.35246951661111        0.0000000000000000        359.31912276415824     
   70421.000059157988        302.19277993803024        0.0000000000000000        369.70082235151295     
   73692.000052616000        318.35004025849349        0.0000000000000000        380.29822975281718     
   77030.900045938193        334.75959281985280        0.0000000000000000        391.11979260384555     
   80429.700039140604        351.05090186902999        0.0000000000000000        402.05694503437053     
   83886.500032227006        366.67545066996570        0.0000000000000000        412.86878815482146     
   87393.200025213606        381.80708920987121        0.0000000000000000        423.51823911022188     
   90947.800018104390        396.47663330077171        0.0000000000000000        433.88283792290690     
   94540.300010919396        410.69172301743521        0.0000000000000000        443.78333900299077     
   100000.00000000000        431.33212975866331        0.0000000000000000        456.58728356416697     
