   1.9999999949504854E-006   1.7954380938561987E-002   0.0000000000000000        130.43331759104188     
   8.3001999667994944E-002  0.44302239146113254        0.0000000000000000        130.43331745860320     
   9.6001999615994954E-002  0.46854729042758203        0.0000000000000000        130.43331745860320     
  0.11050199955799496       0.49795335501867377        0.0000000000000000        130.43331745860320     
  0.12750199948999497       0.53294674828113986        0.0000000000000000        130.43331745860320     
  0.14650199941399497       0.57192168921646480        0.0000000000000000        130.43331745907375     
  0.16850199932599497       0.61862873627269743        0.0000000000000000        130.43331745907375     
  0.19300199922799496       0.67374882957767124        0.0000000000000000        130.43331745907375     
  0.22150199911399493       0.73929056524198633        0.0000000000000000        130.43331746038777     
  0.25350199898599496       0.81213641729610786        0.0000000000000000        130.43331746146487     
  0.29000199883999495       0.89265255614604855        0.0000000000000000        130.43331741355416     
  0.33150199867399494       0.97975889445788145        0.0000000000000000        130.43331741621162     
  0.37800199848799498        1.0712690831529583        0.0000000000000000        130.43331742960851     
  0.43100199827599495        1.1742773793690664        0.0000000000000000        130.43331744403162     
  0.49100199803599492        1.2894455762725439        0.0000000000000000        130.43331752402889     
  0.55850199776599496        1.4123659156040522        0.0000000000000000        130.43331759902131     
  0.63450199746199498        1.5398462753238036        0.0000000000000000        130.43331775455516     
  0.72000199711999502        1.6689178145578181        0.0000000000000000        130.43331819780303     
  0.81650199673399504        1.7976193857129592        0.0000000000000000        130.43331879830654     
  0.92450199630199492        1.9229700505090517        0.0000000000000000        130.43331949564083     
   1.0460019958159950        2.0487970317921969        0.0000000000000000        130.43332180800050     
   1.1820019952719951        2.1782108873076171        0.0000000000000000        130.43332580429285     
   1.3340019946639949        2.3059864037544195        0.0000000000000000        130.43333227387529     
   1.5040019939839948        2.4294816599177325        0.0000000000000000        130.43334071059951     
   1.6935019932259947        2.5474628713461027        0.0000000000000000        130.43335225000217     
   1.9050019923799950        2.6605498786514676        0.0000000000000000        130.43336696053592     
   2.1405019914379948        2.7695339603107700        0.0000000000000000        130.43338565215083     
   2.4025019903899949        2.8755088376513904        0.0000000000000000        130.43341068467709     
   2.6935019892259953        2.9851494592267906        0.0000000000000000        130.43344245492608     
   3.0165019879339949        3.1004836665220576        0.0000000000000000        130.43348728660743     
   3.3745019865019947        3.2193302492372622        0.0000000000000000        130.43355516081650     
   3.7710019849159950        3.3402232618566918        0.0000000000000000        130.43364933723396     
   4.2090019831639953        3.4618991175449474        0.0000000000000000        130.43377823694308     
   4.6930019812279955        3.5837867930172762        0.0000000000000000        130.43393415519799     
   5.2265019790939951        3.7051557806150544        0.0000000000000000        130.43412631993684     
   5.8140019767439943        3.8256005624588560        0.0000000000000000        130.43438315511398     
   6.4610019741559945        3.9472196736594145        0.0000000000000000        130.43469200943261     
   7.1715019713139956        4.0759777911638615        0.0000000000000000        130.43508458281275     
   7.9515019681939956        4.2087824717183038        0.0000000000000000        130.43561944720130     
   8.8065019647739948        4.3430379142122959        0.0000000000000000        130.43627398714509     
   9.7425019610299941        4.4768099729757456        0.0000000000000000        130.43710859398522     
   10.765501956937996        4.6090967250324342        0.0000000000000000        130.43815840370598     
   11.884001952463995        4.7392453870038143        0.0000000000000000        130.43941672222783     
   13.103001947587995        4.8662241498269960        0.0000000000000000        130.44090535248350     
   14.432001942271995        4.9896776250940329        0.0000000000000000        130.44265547401307     
   15.877001936491993        5.1092918235881548        0.0000000000000000        130.44470639942580     
   17.448501930205992        5.2364317286898032        0.0000000000000000        130.44755405217003     
   19.153001923387993        5.3657393872640409        0.0000000000000000        130.45121337292764     
   21.001001915995992        5.4936956102838188        0.0000000000000000        130.45579916551580     
   23.002001907992000        5.6181002561670672        0.0000000000000000        130.46143294963380     
   25.166001899335996        5.7378548734033554        0.0000000000000000        130.46823054228292     
   27.502001889991995        5.8524959173081177        0.0000000000000000        130.47641803388910     
   30.022501879909996        5.9621005377589302        0.0000000000000000        130.48611248582594     
   32.736501869053996        6.0667895609707312        0.0000000000000000        130.49748146329779     
   35.657001857371995        6.1669461488052271        0.0000000000000000        130.51074669999926     
   38.794001844823995        6.2628915846246418        0.0000000000000000        130.52614915948865     
   42.161001831355989        6.3630968463189053        0.0000000000000000        130.54566955830964     
   45.769501816921995        6.4695828519521585        0.0000000000000000        130.57073813747837     
   49.630501801477998        6.5807736883939505        0.0000000000000000        130.60225393376032     
   53.758501784965993        6.6956197185423711        0.0000000000000000        130.64119165360921     
   58.163501767345998        6.8132529267872561        0.0000000000000000        130.68882221633012     
   62.861501748553998        6.9332310348810164        0.0000000000000000        130.74706509411129     
   67.862001728552002        7.0549714711719442        0.0000000000000000        130.81851052979368     
   73.179001707283987        7.1780672927855012        0.0000000000000000        130.91061456773829     
   78.825001684699998        7.3509517263437090        0.0000000000000000        131.07319268752832     
   84.813001660748000        7.6049593054334217        0.0000000000000000        131.32216930850694     
   91.154501635381990        7.8813808880408178        0.0000000000000000        131.59589759772888     
   97.860001608559998        8.1665319150822615        0.0000000000000000        131.89739520069011     
   104.94050158023802        8.4714717740529721        0.0000000000000000        132.28911961347703     
   112.40900155036400        9.3609914715674769        0.0000000000000000        133.26885683113372     
   120.27700151889199        10.451946329690484        0.0000000000000000        134.35915242615067     
   128.55450148578200        11.713739417787638        0.0000000000000000        135.56520935762711     
   137.25150145099400        13.155426421619698        0.0000000000000000        136.88276249453043     
   146.36750141453001        14.797261164810251        0.0000000000000000        138.31489952068449     
   155.91300137634801        16.670766377381941        0.0000000000000000        139.86310795365358     
   165.90800133636799        18.947988617495813        0.0000000000000000        141.56070518463648     
   176.33200129467198        21.740167566959368        0.0000000000000000        143.42251056573423     
   187.21550125113797        25.009184787676229        0.0000000000000000        145.44714292062324     
   198.54800120580799        28.727117717031792        0.0000000000000000        147.64456493388050     
   210.33050115867800        32.862092536665656        0.0000000000000000        150.00736316476676     
   222.56150110975398        37.442347538514099        0.0000000000000000        152.55238523329925     
   235.24250105902999        42.461003458866216        0.0000000000000000        155.26034954942654     
   248.37250100650999        47.906898454555488        0.0000000000000000        158.14195079601100     
   261.94200095223198        53.954504692855558        0.0000000000000000        161.23869749267342     
   275.94050089623795        60.622069573500255        0.0000000000000000        164.56104436566227     
   290.37850083848599        67.858846655395226        0.0000000000000000        168.10570505766688     
   305.21600077913598        75.601552228140363        0.0000000000000000        171.87060951297590     
   320.46300071814801        83.820273313423300        0.0000000000000000        175.86696359226664     
   336.09900065560396        92.331524072730232        0.0000000000000000        180.01836973790856     
   352.10500059158005        101.09903931272213        0.0000000000000000        184.30279736286622     
   368.46000052616000        110.09014772707539        0.0000000000000000        188.72517453312037     
   385.15450045938201        119.23273573869128        0.0000000000000000        193.25811381380228     
   402.14850039140600        128.43339805068632        0.0000000000000000        197.84557949744078     
   419.43250032227002        137.65248368573126        0.0000000000000000        202.45414811345788     
   436.96600025213610        146.87524167359877        0.0000000000000000        207.04687742917469     
   454.73900018104393        156.06777016196793        0.0000000000000000        211.54665877257182     
   472.70150010919400        165.17345650699747        0.0000000000000000        215.82681985562485     
   500.00000000000000        178.94283653947508        0.0000000000000000        221.24106328215191     
