   16.600199966799494        221.13513153391196        221.09633721075977        42.052542185672159     
   19.200199961599495        221.11392596199514        221.07095449964871        42.053255463563922     
   22.100199955799496        221.09606081091107        221.04350485039944        42.054139863385906     
   25.500199948999498        221.06627874429628        221.01240393522170        42.050628387341931     
   29.300199941399498        221.04007719860766        220.97900121353354        42.048429269268802     
   33.700199932599496        221.01042055079381        220.94192997621343        42.049305950773480     
   38.600199922799497        220.97829656876729        220.90244243861139        42.047672642499826     
   44.300199911399496        220.94366131346425        220.85862677814546        42.045982207923942     
   50.700199898599493        220.91073913025207        220.81169778387402        42.045811231411527     
   58.000199883999493        220.87076077983903        220.76056876847198        42.046845325328199     
   66.300199867399485        220.83311371578762        220.70510399768449        42.050460821467425     
   75.600199848799505        220.79400700223621        220.64595809130637        42.050878754052718     
   86.200199827599505        220.75235339700194        220.58195921588410        42.055957235806467     
   98.200199803599503        220.70682636818717        220.51333149800715        42.055157582357495     
   111.70019977659949        220.65848280221101        220.44034433478802        42.056026877630927     
   126.90019974619948        220.61392965481434        220.36242414988266        42.058045802334995     
   144.00019971199950        220.55865651624663        220.27904000538004        42.056956152753472     
   163.30019967339948        220.50369487507618        220.18927261693730        42.056897936756627     
   184.90019963019947        220.44994253330634        220.09333582086524        42.060462299747947     
   209.20019958159952        220.39513807085933        219.99021940020688        42.061517945784651     
   236.40019952719950        220.34025129752112        219.87937750175092        42.063123162772470     
   266.80019946639948        220.28677717783390        219.76116906175793        42.068843174865876     
   300.80019939839946        220.22370163220114        219.63513983949773        42.069522896633920     
   338.70019932259947        220.16329215775531        219.50102360416190        42.072255682332894     
   381.00019923799948        220.10437693485284        219.35788281723563        42.077275512833062     
   428.10019914379944        220.04082526925973        219.20501930385885        42.079329025692203     
   480.50019903899954        219.97549444634618        219.04134555977384        42.083495849428829     
   538.70019892259950        219.90888581015608        218.86567003288781        42.088159380781619     
   603.30019879339955        219.83834965663226        218.67643275108125        42.091190729052663     
   674.90019865019940        219.76489149961250        218.47267182489446        42.094541381143756     
   754.20019849159951        219.69075910885081        218.25307869312991        42.099519250685496     
   841.80019831639947        219.62153038762500        218.01661993323739        42.106053295129904     
   938.60019812279950        219.54588601038810        217.76167848411836        42.110644237886895     
   1045.3001979093995        219.47009139790973        217.48730576414874        42.116404733607347     
   1162.8001976743994        219.38289451558239        217.19205614620256        42.116984546993464     
   1292.2001974155994        219.30261077964030        216.87378979009324        42.122889251356973     
   1434.3001971313995        219.21110934487524        216.53105321239249        42.123561878343217     
   1590.3001968193996        219.11686568487687        216.16106438023988        42.128504485931600     
   1761.3001964773996        219.01181437716218        215.75878611984297        42.130846775660345     
   1948.5001961029993        218.89661191687676        215.32106722688175        42.129473418747082     
   2153.1001956937994        218.76838739900748        214.84551748440168        42.127037330040757     
   2376.8001952463997        218.62970689582460        214.32972386384412        42.124421238408409     
   2620.6001947587997        218.47621354204222        213.77412135009760        42.117707290893932     
   2886.4001942271998        218.31444819451798        213.17818594128514        42.107452353911363     
   3175.4001936491991        218.14101663710107        212.54354069959538        42.094550606489634     
   3489.7001930205997        217.96150708251886        211.86969257183279        42.079524838618326     
   3830.6001923387994        217.78259012408276        211.15720322936372        42.053262474708418     
   4200.2001915995988        217.58787888206706        210.40577725179642        42.023348943511735     
   4600.4001907991997        217.38841754538325        209.61438095459465        41.986596207968844     
   5033.2001899336001        217.18116940008107        208.78095741348972        41.942325847920166     
   5500.4001889991987        216.95844472894558        207.90452549553410        41.885375475136570     
   6004.5001879909996        216.72616653642129        206.98331741402941        41.821247838203121     
   6547.3001869054006        216.47593785495351        206.01728116158847        41.742835470976530     
   7131.4001857371995        216.21535957775575        205.00527726396592        41.654010914006562     
   7758.8001844824003        215.93383674355499        203.94759447783849        41.544627304942743     
   8432.2001831355992        215.63137396398116        202.84363570322020        41.425755797455217     
   9153.9001816921991        215.30992130488318        201.69379871754063        41.287173302670773     
   9926.1001801477996        214.97168191528431        200.49886866103023        41.130237857806442     
   10751.700178496600        214.60959040070534        199.26166441257408        40.949256956187988     
   11632.700176734599        214.21373640890624        197.98381116399881        40.744156179658390     
   12572.300174855400        213.79543900091767        196.66524097758401        40.515732416119960     
   13572.400172855199        213.34764209968156        195.30820795378708        40.258050211907850     
   14635.800170728398        212.85743472808494        193.91413448160409        39.969683229857601     
   15765.000168470002        212.34195690181937        192.48484618182951        39.652162570039557     
   16962.600166074801        211.78132450953353        191.02222442439361        39.296760975150768     
   18230.900163538201        211.17747281601962        189.52937496560571        38.904767266476988     
   19572.000160856001        210.53601028700859        188.00972943566887        38.476874460978600     
   20988.100158023801        209.84610849396975        186.46653735624000        38.006821954865067     
   22481.800155036399        209.10826136946679        184.89814969420456        37.495095496857942     
   24055.400151889200        208.31788982144059        183.30775235930633        36.942042745555177     
   25710.900148578196        207.47922916909980        181.69703997003205        36.346601266104862     
   27450.300145099402        206.57720897539124        180.06453629369273        35.699880599242036     
   29273.500141453002        205.61306008445771        178.41456844995619        35.007958315767368     
   31182.600137634796        204.58790825645099        176.75047269100369        34.263189210008790     
   33181.600133636799        203.51131911842410        175.07465226881558        33.475198267224442     
   35266.400129467198        202.37834859754423        173.39626341869152        32.635128053219994     
   37443.100125113800        201.18886122014598        171.71530684141470        31.742197819365078     
   39709.600120580799        199.94902073393675        170.03672585620916        30.796294647522167     
   42066.100115867797        198.65484904309290        168.36137353980132        29.799327106636440     
   44512.300110975397        197.30692165132447        166.69042809161451        28.752885439715282     
   47048.500105902996        195.91368748342100        165.02379278949368        27.657511513672340     
   49674.500100650999        194.46202248748978        163.36127797721144        26.509289145257164     
   52388.400095223202        192.96039265943662        161.70364632650652        25.309363484210589     
   55188.100089623797        191.40705094647586        160.05165059449695        24.063724163202121     
   58075.700083848598        189.80459917040065        158.40314860080215        22.769439184130594     
   61043.200077913592        188.15619229455922        156.76128596574287        21.425894153900355     
   64092.600071814799        186.45945122098848        155.12611483005955        20.032741660617667     
   67219.800065560397        184.71745809392505        153.50255681854011        18.592102101286098     
   70421.000059157988        182.93984164397699        151.89123524432733        17.107954429162895     
   73692.000052616000        181.12414977074562        150.29282173006607        15.584961329427047     
   77030.900045938193        179.26862274820851        148.70688106510897        14.011658370691208     
   80429.700039140604        177.37454965524623        147.13587902478554        12.398314592922095     
   83886.500032227006        175.45010316773059        145.57900413819237        10.745866326519526     
   87393.200025213606        173.48493449559840        144.03808316945847        9.0464706349544688     
   90947.800018104390        171.49003466336404        142.51289661366616        7.3081651514352624     
   94540.300010919396        169.45556246293677        141.00667132553676        5.5205732925330953     
   98164.800003670389        167.36910592768777        139.52075580700549        3.6745850543088396     
   100000.00000000000        166.28198695563373        138.78174923463627        2.7003958158072487     
