   10.740500000000001        684.47721534380105        684.47721534380105        0.0000000000000000     
   12.361599999999999        684.43430021699589        684.43430021699589        0.0000000000000000     
   14.388199999999999        684.38506441702077        684.38506441702077        0.0000000000000000     
   16.600199966799494        684.33585228612958        684.33585228612958        0.0000000000000000     
   19.200199961599495        684.28260268549855        684.28260268549855        0.0000000000000000     
   22.100199955799496        684.22764716713175        684.22764716713175        0.0000000000000000     
   25.500199948999498        684.16761283354845        684.16761283354845        0.0000000000000000     
   29.300199941399498        684.10493282442360        684.10493282442360        0.0000000000000000     
   33.700199932599496        684.03692691459003        684.03692691459003        0.0000000000000000     
   38.600199922799497        683.96609419397430        683.96609419397430        0.0000000000000000     
   44.300199911399496        683.88942497387495        683.88942497387495        0.0000000000000000     
   50.700199898599493        683.80967547410989        683.80967547410989        0.0000000000000000     
   58.000199883999493        683.72528229377599        683.72528229377599        0.0000000000000000     
   66.300199867399485        683.63601262627208        683.63601262627208        0.0000000000000000     
   75.600199848799505        683.54244196147249        683.54244196147249        0.0000000000000000     
   86.200199827599505        683.44200907184904        683.44200907184904        0.0000000000000000     
   98.200199803599503        683.33454682969716        683.33454682969716        0.0000000000000000     
   111.70019977659949        683.22072873091190        683.22072873091190        0.0000000000000000     
   126.90019974619948        683.10037466055019        683.10037466055019        0.0000000000000000     
   144.00019971199950        682.97357502705995        682.97357502705995        0.0000000000000000     
   163.30019967339948        682.83982177403993        682.83982177403993        0.0000000000000000     
   184.90019963019947        682.69989048373941        682.69989048373941        0.0000000000000000     
   209.20019958159952        682.55227494118435        682.55227494118435        0.0000000000000000     
   236.40019952719950        682.39688429365231        682.39688429365231        0.0000000000000000     
   266.80019946639948        682.23373533058350        682.23373533058350        0.0000000000000000     
   300.80019939839946        682.06275936272255        682.06275936272255        0.0000000000000000     
   338.70019932259947        681.88435769707291        681.88435769707291        0.0000000000000000     
   381.00019923799948        681.69850076801026        681.69850076801026        0.0000000000000000     
   428.10019914379944        681.50600659507302        681.50600659507302        0.0000000000000000     
   480.50019903899954        681.30764469070266        681.30764469070266        0.0000000000000000     
   538.70019892259950        681.10443997822597        681.10443997822597        0.0000000000000000     
   603.30019879339955        680.89717403612769        680.89717403612769        0.0000000000000000     
   674.90019865019940        680.68737029138072        680.68737029138072        0.0000000000000000     
   754.20019849159951        680.47564664864944        680.47564664864944        0.0000000000000000     
   841.80019831639947        680.26189806509296        680.26189806509296        0.0000000000000000     
   938.60019812279950        680.04494948434638        680.04494948434638        0.0000000000000000     
   1045.3001979093995        679.82400991075735        679.82400991075735        0.0000000000000000     
   1162.8001976743994        679.59797830917273        679.59797830917273        0.0000000000000000     
   1292.2001974155994        679.36579737555689        679.36579737555689        0.0000000000000000     
   1434.3001971313995        679.12749427437825        679.12749427437825        0.0000000000000000     
   1590.3001968193996        678.88278107928841        678.88278107928841        0.0000000000000000     
   1761.3001964773996        678.62928138499126        678.62928138499126        0.0000000000000000     
   1948.5001961029993        678.36539107643284        678.36539107643284        0.0000000000000000     
   2153.1001956937994        678.08474063737219        678.08474063737219        0.0000000000000000     
   2376.8001952463997        677.78518403770988        677.78518403770988        0.0000000000000000     
   2620.6001947587997        677.46480838288528        677.46480838288528        0.0000000000000000     
   2886.4001942271998        677.12081458872558        677.12081458872558        0.0000000000000000     
   3175.4001936491991        676.75243072249305        676.75243072249305        0.0000000000000000     
   3489.7001930205997        676.35929747770149        676.35929747770149        0.0000000000000000     
   3830.6001923387994        675.94346143453106        675.94346143453106        0.0000000000000000     
   4200.2001915995988        675.51198844631756        675.51198844631756        0.0000000000000000     
   4600.4001907991997        675.06998735352374        675.06998735352374        0.0000000000000000     
   5033.2001899336001        674.61807481222718        674.61807481222718        0.0000000000000000     
   5500.4001889991987        674.15818527478984        674.15818527478984        0.0000000000000000     
   6004.5001879909996        673.68978730481183        673.68978730481183        0.0000000000000000     
   6547.3001869054006        673.21285249945731        673.21285249945731        0.0000000000000000     
   7131.4001857371995        672.72665031117401        672.72665031117401        0.0000000000000000     
   7758.8001844824003        672.23106751956459        672.23106751956459        0.0000000000000000     
   8432.2001831355992        671.72562131866323        671.72562131866323        0.0000000000000000     
   9153.9001816921991        671.20999352195417        671.20999352195417        0.0000000000000000     
   9926.1001801477996        670.68404910965523        670.68404910965523        0.0000000000000000     
   10751.700178496600        670.15510036859871        670.15510036859871        0.0000000000000000     
   11632.700176734599        669.62302197393331        669.62302197393331        0.0000000000000000     
   12572.300174855400        669.08612212110995        669.08612212110995        0.0000000000000000     
   13572.400172855199        668.54376372238835        668.54376372238835        0.0000000000000000     
   14635.800170728398        667.99463051744635        667.99463051744635        0.0000000000000000     
   15765.000168470002        667.43496247412236        667.43496247412236        0.0000000000000000     
   16962.600166074801        666.85891046681434        666.85891046681434        0.0000000000000000     
   18230.900163538201        666.26424117582008        666.26424117582008        0.0000000000000000     
   19572.000160856001        665.64896591760976        665.64896591760976        0.0000000000000000     
   20988.100158023801        665.01049599322653        665.01049599322653        0.0000000000000000     
   22481.800155036399        664.29638376119533        664.29638376119533        0.0000000000000000     
   24055.400151889200        663.48281470161646        663.48281470161646        0.0000000000000000     
   25710.900148578196        662.54125961832244        662.54125961832244        0.0000000000000000     
   27450.300145099402        661.43633223728625        661.43633223728625        0.0000000000000000     
   29273.500141453002        660.20517775409826        660.20517775409826        0.0000000000000000     
   31182.600137634796        658.83851697430862        658.83851697430862        0.0000000000000000     
   33181.600133636799        657.30057075577929        657.30057075577929        0.0000000000000000     
   35266.400129467198        655.55849805400305        655.55849805400305        0.0000000000000000     
   37443.100125113800        653.56898338744736        653.56898338744736        0.0000000000000000     
   39709.600120580799        651.29205037457859        651.29205037457859        0.0000000000000000     
   42066.100115867797        648.69000081028219        648.69000081028219        0.0000000000000000     
   44512.300110975397        645.72973829871444        645.72973829871444        0.0000000000000000     
   47048.500105902996        642.58202688259848        642.58202688259848        0.0000000000000000     
   49674.500100650999        639.25132613247831        639.25132613247831        0.0000000000000000     
   52388.400095223202        635.72288094176736        635.72288094176736        0.0000000000000000     
   55188.100089623797        631.99020417032796        631.99020417032796        0.0000000000000000     
   58075.700083848598        628.05139935498460        628.05139935498460        0.0000000000000000     
   61043.200077913592        623.92447347954862        623.92447347954862        0.0000000000000000     
   64092.600071814799        619.63758861961276        619.63758861961276        0.0000000000000000     
   67219.800065560397        615.24508066652936        615.24508066652936        0.0000000000000000     
   70421.000059157988        610.75875381833680        610.75875381833680        0.0000000000000000     
   73692.000052616000        606.18277156219801        606.18277156219801        0.0000000000000000     
   77030.900045938193        601.51333272667387        601.51333272667387        0.0000000000000000     
   80429.700039140604        596.75437268413543        596.75437268413543        0.0000000000000000     
   83886.500032227006        591.89569612394303        591.89569612394303        0.0000000000000000     
   87393.200025213606        586.94692796015693        586.94692796015693        0.0000000000000000     
   90947.800018104390        581.92355397115944        581.92355397115944        0.0000000000000000     
   94540.300010919396        576.85717496862787        576.85717496862787        0.0000000000000000     
   100000.00000000000        568.99752244137585        568.99752244137585        0.0000000000000000     
