   10.740500000000001        685.40352245089696        685.40352245089696        0.0000000000000000     
   12.361599999999999        685.37727867189835        685.37727867189835        0.0000000000000000     
   14.388199999999999        685.34415904844229        685.34415904844229        0.0000000000000000     
   16.600199966799494        685.30879712443209        685.30879712443209        0.0000000000000000     
   19.200199961599495        685.26860822091066        685.26860822091066        0.0000000000000000     
   22.100199955799496        685.22580490473445        685.22580490473445        0.0000000000000000     
   25.500199948999498        685.17769573523276        685.17769573523276        0.0000000000000000     
   29.300199941399498        685.12595517578006        685.12595517578006        0.0000000000000000     
   33.700199932599496        685.06780446314644        685.06780446314644        0.0000000000000000     
   38.600199922799497        685.00502272662061        685.00502272662061        0.0000000000000000     
   44.300199911399496        684.93427564205683        684.93427564205683        0.0000000000000000     
   50.700199898599493        684.85797545358480        684.85797545358480        0.0000000000000000     
   58.000199883999493        684.77488275266899        684.77488275266899        0.0000000000000000     
   66.300199867399485        684.68545314388916        684.68545314388916        0.0000000000000000     
   75.600199848799505        684.59156727809489        684.59156727809489        0.0000000000000000     
   86.200199827599505        684.49242478063525        684.49242478063525        0.0000000000000000     
   98.200199803599503        684.39016210622856        684.39016210622856        0.0000000000000000     
   111.70019977659949        684.29118460448763        684.29118460448763        0.0000000000000000     
   126.90019974619948        684.19587276700986        684.19587276700986        0.0000000000000000     
   144.00019971199950        684.10277957743915        684.10277957743915        0.0000000000000000     
   163.30019967339948        684.00979448826149        684.00979448826149        0.0000000000000000     
   184.90019963019947        683.91563716034204        683.91563716034204        0.0000000000000000     
   209.20019958159952        683.81762410277770        683.81762410277770        0.0000000000000000     
   236.40019952719950        683.71439791128250        683.71439791128250        0.0000000000000000     
   266.80019946639948        683.60515871359280        683.60515871359280        0.0000000000000000     
   300.80019939839946        683.48937745647686        683.48937745647686        0.0000000000000000     
   338.70019932259947        683.36668315239274        683.36668315239274        0.0000000000000000     
   381.00019923799948        683.23631221900951        683.23631221900951        0.0000000000000000     
   428.10019914379944        683.09804246124918        683.09804246124918        0.0000000000000000     
   480.50019903899954        682.95164008595259        682.95164008595259        0.0000000000000000     
   538.70019892259950        682.79725080881667        682.79725080881667        0.0000000000000000     
   603.30019879339955        682.63520436034810        682.63520436034810        0.0000000000000000     
   674.90019865019940        682.46627828017074        682.46627828017074        0.0000000000000000     
   754.20019849159951        682.29131898188007        682.29131898188007        0.0000000000000000     
   841.80019831639947        682.11129250999079        682.11129250999079        0.0000000000000000     
   938.60019812279950        681.92613705982649        681.92613705982649        0.0000000000000000     
   1045.3001979093995        681.73619924142190        681.73619924142190        0.0000000000000000     
   1162.8001976743994        681.54177043918321        681.54177043918321        0.0000000000000000     
   1292.2001974155994        681.34178622212050        681.34178622212050        0.0000000000000000     
   1434.3001971313995        681.13610647053008        681.13610647053008        0.0000000000000000     
   1590.3001968193996        680.92449136371965        680.92449136371965        0.0000000000000000     
   1761.3001964773996        680.70697648741282        680.70697648741282        0.0000000000000000     
   1948.5001961029993        680.48333435041479        680.48333435041479        0.0000000000000000     
   2153.1001956937994        680.25214090883685        680.25214090883685        0.0000000000000000     
   2376.8001952463997        680.01157701239401        680.01157701239401        0.0000000000000000     
   2620.6001947587997        679.76211009732128        679.76211009732128        0.0000000000000000     
   2886.4001942271998        679.50414973062755        679.50414973062755        0.0000000000000000     
   3175.4001936491991        679.23752259323999        679.23752259323999        0.0000000000000000     
   3489.7001930205997        678.96132824384165        678.96132824384165        0.0000000000000000     
   3830.6001923387994        678.67569625647911        678.67569625647911        0.0000000000000000     
   4200.2001915995988        678.37992862198109        678.37992862198109        0.0000000000000000     
   4600.4001907991997        678.07355923277180        678.07355923277180        0.0000000000000000     
   5033.2001899336001        677.75607947016226        677.75607947016226        0.0000000000000000     
   5500.4001889991987        677.43159629650916        677.43159629650916        0.0000000000000000     
   6004.5001879909996        677.09935812356878        677.09935812356878        0.0000000000000000     
   6547.3001869054006        676.75920792524721        676.75920792524721        0.0000000000000000     
   7131.4001857371995        676.41050919140935        676.41050919140935        0.0000000000000000     
   7758.8001844824003        676.05303122109740        676.05303122109740        0.0000000000000000     
   8432.2001831355992        675.68620048894525        675.68620048894525        0.0000000000000000     
   9153.9001816921991        675.30960057364257        675.30960057364257        0.0000000000000000     
   9926.1001801477996        674.92281828429680        674.92281828429680        0.0000000000000000     
   10751.700178496600        674.52966923707788        674.52966923707788        0.0000000000000000     
   11632.700176734599        674.13100692846660        674.13100692846660        0.0000000000000000     
   12572.300174855400        673.72601612459778        673.72601612459778        0.0000000000000000     
   13572.400172855199        673.31438540069246        673.31438540069246        0.0000000000000000     
   14635.800170728398        672.89550125416554        672.89550125416554        0.0000000000000000     
   15765.000168470002        672.46703983641328        672.46703983641328        0.0000000000000000     
   16962.600166074801        672.02557258688444        672.02557258688444        0.0000000000000000     
   18230.900163538201        671.57008485468475        671.57008485468475        0.0000000000000000     
   19572.000160856001        671.09951266764381        671.09951266764381        0.0000000000000000     
   20988.100158023801        670.61261690923629        670.61261690923629        0.0000000000000000     
   22481.800155036399        670.06983096790339        670.06983096790339        0.0000000000000000     
   24055.400151889200        669.45921248048444        669.45921248048444        0.0000000000000000     
   25710.900148578196        668.76795846065374        668.76795846065374        0.0000000000000000     
   27450.300145099402        667.98585901066190        667.98585901066190        0.0000000000000000     
   29273.500141453002        667.13035489555205        667.13035489555205        0.0000000000000000     
   31182.600137634796        666.19454252090327        666.19454252090327        0.0000000000000000     
   33181.600133636799        665.15516667526242        665.15516667526242        0.0000000000000000     
   35266.400129467198        663.98810780322265        663.98810780322265        0.0000000000000000     
   37443.100125113800        662.65864415826854        662.65864415826854        0.0000000000000000     
   39709.600120580799        661.13185469177665        661.13185469177665        0.0000000000000000     
   42066.100115867797        659.37132147672594        659.37132147672594        0.0000000000000000     
   44512.300110975397        657.33948412636596        657.33948412636596        0.0000000000000000     
   47048.500105902996        655.13996078569676        655.13996078569676        0.0000000000000000     
   49674.500100650999        652.75169115020753        652.75169115020753        0.0000000000000000     
   52388.400095223202        650.17234557350730        650.17234557350730        0.0000000000000000     
   55188.100089623797        647.39818601223067        647.39818601223067        0.0000000000000000     
   58075.700083848598        644.41610959835396        644.41610959835396        0.0000000000000000     
   61043.200077913592        641.22964082689009        641.22964082689009        0.0000000000000000     
   64092.600071814799        637.83681140594240        637.83681140594240        0.0000000000000000     
   67219.800065560397        634.24729561610332        634.24729561610332        0.0000000000000000     
   70421.000059157988        630.47925962875263        630.47925962875263        0.0000000000000000     
   73692.000052616000        626.54986626563891        626.54986626563891        0.0000000000000000     
   77030.900045938193        622.47206962816620        622.47206962816620        0.0000000000000000     
   80429.700039140604        618.28838503298175        618.28838503298175        0.0000000000000000     
   83886.500032227006        614.05472854591358        614.05472854591358        0.0000000000000000     
   87393.200025213606        609.76427683427528        609.76427683427528        0.0000000000000000     
   90947.800018104390        605.40857344553854        605.40857344553854        0.0000000000000000     
   94540.300010919396        600.99451231242278        600.99451231242278        0.0000000000000000     
   100000.00000000000        594.06730097286379        594.06730097286379        0.0000000000000000     
