   16.600199966799494        221.13224036255440        221.09633721071819        41.141113076252473     
   19.200199961599495        221.11274660740816        221.07095449849086        41.142344783888255     
   22.100199955799496        221.09306274658806        221.04350485039257        41.143441562296083     
   25.500199948999498        221.06611550075058        221.01240393522167        41.140874364296600     
   29.300199941399498        221.03907400973713        220.97900121242137        41.139841857011795     
   33.700199932599496        221.00836774786745        220.94192997621343        41.137837261021389     
   38.600199922799497        220.97588027084927        220.90244243861139        41.137276524663513     
   44.300199911399496        220.94294116194948        220.85862677650599        41.137469526827381     
   50.700199898599493        220.90927318562422        220.81169778387402        41.137453280296889     
   58.000199883999493        220.87310793820990        220.76056876847198        41.137205454244601     
   66.300199867399485        220.83320845173878        220.70510399686478        41.136245057455035     
   75.600199848799505        220.79467597930889        220.64595808930386        41.137722693403482     
   86.200199827599505        220.75034454985658        220.58195920764305        41.137846718863649     
   98.200199803599503        220.70637433586415        220.51333149666166        41.139242013033993     
   111.70019977659949        220.65731041645793        220.44034433303267        41.140187209817888     
   126.90019974619948        220.61005746009585        220.36242414812733        41.142282467659221     
   144.00019971199950        220.55720032890014        220.27904000124326        41.142329617562268     
   163.30019967339948        220.50363852164978        220.18927261611759        41.143718982455539     
   184.90019963019947        220.45146335984211        220.09333581816333        41.144461823792675     
   209.20019958159952        220.39235112983494        219.99021938897454        41.144031302400307     
   236.40019952719950        220.33892695078742        219.87937749092848        41.146995450648575     
   266.80019946639948        220.28275621287506        219.76116905187655        41.151026236589942     
   300.80019939839946        220.22288554994728        219.63513983055742        41.157156833498341     
   338.70019932259947        220.16243486092759        219.50102360368550        41.161123168775973     
   381.00019923799948        220.10266900059568        219.35788281628280        41.164206638594564     
   428.10019914379944        220.03885470516084        219.20501930314404        41.166130300839207     
   480.50019903899954        219.97429746542807        219.04134555941650        41.170979762802105     
   538.70019892259950        219.90724100039935        218.86567003253049        41.173651701696038     
   603.30019879339955        219.83654237641971        218.67643275108125        41.177112359585060     
   674.90019865019940        219.76308443188924        218.47267182489446        41.178812673180630     
   754.20019849159951        219.69005082352129        218.25307867512709        41.182958055020684     
   841.80019831639947        219.61832405151924        218.01661993320687        41.189830697791436     
   938.60019812279950        219.54432308401715        217.76167848411836        41.194771405092609     
   1045.3001979093995        219.46278320231929        217.48730576414874        41.200142628232932     
   1162.8001976743994        219.38101127324501        217.19205614620256        41.203206392193088     
   1292.2001974155994        219.29835074188946        216.87378979009324        41.207930525113447     
   1434.3001971313995        219.20597298834710        216.53105321239249        41.210568154128545     
   1590.3001968193996        219.11399698292539        216.16106436235930        41.216811999509098     
   1761.3001964773996        219.00772719570591        215.75878610196239        41.217867201655892     
   1948.5001961029993        218.89283721429356        215.32106720900117        41.218699222200428     
   2153.1001956937994        218.76164430917675        214.84250946446679        41.216303199698245     
   2376.8001952463997        218.61767245741265        214.32154618118494        41.213288754331792     
   2620.6001947587997        218.45991028096284        213.75871762942523        41.207928394154600     
   2886.4001942271998        218.28786794130374        213.15359546139476        41.196865379493111     
   3175.4001936491991        218.10512865292793        212.50791641077174        41.181374367612506     
   3489.7001930205997        217.91427188034149        211.82127715017666        41.162999893722308     
   3830.6001923387994        217.71357347486048        211.09431973944186        41.135796864302655     
   4200.2001915995988        217.50204452978974        210.32695880061044        41.103964623293223     
   4600.4001907991997        217.28378466396981        209.51828397465306        41.066007751654617     
   5033.2001899336001        217.05367164654828        208.66608689137271        41.017391637284511     
   5500.4001889991987        216.81112821686557        207.76990034037425        40.961477945555323     
   6004.5001879909996        216.55768152922022        206.82764426524216        40.895043862962382     
   6547.3001869054006        216.28749186840528        205.83901868255631        40.817170256015629     
   7131.4001857371995        215.99960285506302        204.80264996471939        40.727362639243758     
   7758.8001844824003        215.69378091031493        203.71871758501698        40.620704398739129     
   8432.2001831355992        215.36650093826748        202.58653912712458        40.497269921088133     
   9153.9001816921991        215.01544032858115        201.40650002696327        40.357813711334835     
   9926.1001801477996        214.63694249884321        200.17939718625894        40.195135533030488     
   10751.700178496600        214.23792642864029        198.90880785861432        40.013296522870618     
   11632.700176734599        213.81057618969751        197.59641762249930        39.808205918289843     
   12572.300174855400        213.35250606394393        196.24208963494706        39.575381758954805     
   13572.400172855199        212.86261885989975        194.84801831843595        39.315300055009779     
   14635.800170728398        212.33631102962406        193.41550998375027        39.024564130688823     
   15765.000168470002        211.77448799289877        191.94521397032923        38.704356566022035     
   16962.600166074801        211.16580134129410        190.43704473082340        38.346665415267687     
   18230.900163538201        210.50890227342020        188.89342058869985        37.952861221888980     
   19572.000160856001        209.80656600735608        187.31721551768112        37.521781315651538     
   20988.100158023801        209.05145746578566        185.71086920728689        37.050285475023159     
   22481.800155036399        208.21940305644532        184.05015364712239        36.535463781358494     
   24055.400151889200        207.29076992333773        182.32600173003692        35.979116199694047     
   25710.900148578196        206.25608576100902        180.52531401960294        35.376981061424836     
   27450.300145099402        205.08640023733429        178.63082069064728        34.727595918916876     
   29273.500141453002        203.80404029590753        176.66881447572339        34.031788449025761     
   31182.600137634796        202.41199492884931        174.64029409222749        33.287517208577867     
   33181.600133636799        200.89188728873529        172.53211611343335        32.494065548687523     
   35266.400129467198        199.23401915930663        170.33901627452511        31.651361421741104     
   37443.100125113800        197.41819713859272        168.04427571023720        30.757928356291711     
   39709.600120580799        195.43663684572871        165.63876929891711        29.815352930550272     
   42066.100115867797        193.27937523996334        163.11364286383321        28.823108302078282     
   44512.300110975397        190.93985293915657        160.46347308573479        27.783676406015122     
   47048.500105902996        188.49699464755727        157.77178667656463        26.694313004638254     
   49674.500100650999        185.96363981042137        155.04358387615272        25.558379960615522     
   52388.400095223202        183.32909453054017        152.27629841018862        24.374778801763256     
   55188.100089623797        180.60057265796243        149.46912008106793        23.146655694466123     
   58075.700083848598        177.76921186736664        146.61717900248354        21.873515433812674     
   61043.200077913592        174.84111364027973        143.72335831647339        20.559725059067816     
   64092.600071814799        171.81613397144119        140.78719311941052        19.204183663400769     
   67219.800065560397        168.70785773613181        137.82139339606803        17.809872379612187     
   70421.000059157988        165.51518154509461        134.82485182499707        16.376514282520347     
   73692.000052616000        162.24378971025794        131.79980987112867        14.907761021803006     
   77030.900045938193        158.89712128074228        128.75057724099290        13.401906446447652     
   80429.700039140604        155.48922786596052        125.68805523859355        11.864543836807993     
   83886.500032227006        152.02445366332856        122.61319884762909        10.294895700014537     
   87393.200025213606        148.52112116754310        119.54254896880177        8.6926335342369825     
   90947.800018104390        144.99148874075971        116.48808778915426        7.0534855966504022     
   94540.300010919396        141.44679724610282        113.46689480329505        5.3703108872179106     
   98164.800003670389        137.88861862148170        110.49029779388262        3.6254117425649843     
   100000.00000000000        136.10420061678289        109.03805830420714        2.6970782512700011     
