   10.740500000000001        684.62297179102575        684.62297179102575        0.0000000000000000     
   12.361599999999999        684.57905116176585        684.57905116176585        0.0000000000000000     
   14.388199999999999        684.52712331557950        684.52712331557950        0.0000000000000000     
   16.600199966799494        684.47375947750334        684.47375947750334        0.0000000000000000     
   19.200199961599495        684.41447307516148        684.41447307516148        0.0000000000000000     
   22.100199955799496        684.35192487396023        684.35192487396023        0.0000000000000000     
   25.500199948999498        684.28236563129826        684.28236563129826        0.0000000000000000     
   29.300199941399498        684.20873393237582        684.20873393237582        0.0000000000000000     
   33.700199932599496        684.12798729643339        684.12798729643339        0.0000000000000000     
   38.600199922799497        684.04325327700917        684.04325327700917        0.0000000000000000     
   44.300199911399496        683.95080319968815        683.95080319968815        0.0000000000000000     
   50.700199898599493        683.85444185783274        683.85444185783274        0.0000000000000000     
   58.000199883999493        683.75331730334858        683.75331730334858        0.0000000000000000     
   66.300199867399485        683.64849849667462        683.64849849667462        0.0000000000000000     
   75.600199848799505        683.54176020545412        683.54176020545412        0.0000000000000000     
   86.200199827599505        683.43041214176844        683.43041214176844        0.0000000000000000     
   98.200199803599503        683.31300105110427        683.31300105110427        0.0000000000000000     
   111.70019977659949        683.18910687476648        683.18910687476648        0.0000000000000000     
   126.90019974619948        683.05575518594333        683.05575518594333        0.0000000000000000     
   144.00019971199950        682.91008528119391        682.91008528119391        0.0000000000000000     
   163.30019967339948        682.74934225545815        682.74934225545815        0.0000000000000000     
   184.90019963019947        682.57327837621006        682.57327837621006        0.0000000000000000     
   209.20019958159952        682.37978761254192        682.37978761254192        0.0000000000000000     
   236.40019952719950        682.16907658576656        682.16907658576656        0.0000000000000000     
   266.80019946639948        681.94150616411093        681.94150616411093        0.0000000000000000     
   300.80019939839946        681.69754508363815        681.69754508363815        0.0000000000000000     
   338.70019932259947        681.43932974859081        681.43932974859081        0.0000000000000000     
   381.00019923799948        681.16842066692675        681.16842066692675        0.0000000000000000     
   428.10019914379944        680.88783802517730        680.88783802517730        0.0000000000000000     
   480.50019903899954        680.60057873612345        680.60057873612345        0.0000000000000000     
   538.70019892259950        680.31034216110345        680.31034216110345        0.0000000000000000     
   603.30019879339955        680.02095406464412        680.02095406464412        0.0000000000000000     
   674.90019865019940        679.73655751991714        679.73655751991714        0.0000000000000000     
   754.20019849159951        679.46001484387693        679.46001484387693        0.0000000000000000     
   841.80019831639947        679.19284595910017        679.19284595910017        0.0000000000000000     
   938.60019812279950        678.93273386291105        678.93273386291105        0.0000000000000000     
   1045.3001979093995        678.67757165496027        678.67757165496027        0.0000000000000000     
   1162.8001976743994        678.42601244806826        678.42601244806826        0.0000000000000000     
   1292.2001974155994        678.17007730269279        678.17007730269279        0.0000000000000000     
   1434.3001971313995        677.90390578921745        677.90390578921745        0.0000000000000000     
   1590.3001968193996        677.62259273069753        677.62259273069753        0.0000000000000000     
   1761.3001964773996        677.32309983149776        677.32309983149776        0.0000000000000000     
   1948.5001961029993        677.00346287704315        677.00346287704315        0.0000000000000000     
   2153.1001956937994        676.64551221095905        676.64551221095905        0.0000000000000000     
   2376.8001952463997        676.25395338917087        676.25395338917087        0.0000000000000000     
   2620.6001947587997        675.82933392432039        675.82933392432039        0.0000000000000000     
   2886.4001942271998        675.37110741290792        675.37110741290792        0.0000000000000000     
   3175.4001936491991        674.88091149237698        674.88091149237698        0.0000000000000000     
   3489.7001930205997        674.35935167223113        674.35935167223113        0.0000000000000000     
   3830.6001923387994        673.80947421995484        673.80947421995484        0.0000000000000000     
   4200.2001915995988        673.23339052041763        673.23339052041763        0.0000000000000000     
   4600.4001907991997        672.63410676014632        672.63410676014632        0.0000000000000000     
   5033.2001899336001        672.01499752050211        672.01499752050211        0.0000000000000000     
   5500.4001889991987        671.38320145501564        671.38320145501564        0.0000000000000000     
   6004.5001879909996        670.74074183032485        670.74074183032485        0.0000000000000000     
   6547.3001869054006        670.08948296163237        670.08948296163237        0.0000000000000000     
   7131.4001857371995        669.42941068227640        669.42941068227640        0.0000000000000000     
   7758.8001844824003        668.75916905107340        668.75916905107340        0.0000000000000000     
   8432.2001831355992        668.07462064324193        668.07462064324193        0.0000000000000000     
   9153.9001816921991        667.37032074835190        667.37032074835190        0.0000000000000000     
   9926.1001801477996        666.63981572579019        666.63981572579019        0.0000000000000000     
   10751.700178496600        665.90214810865552        665.90214810865552        0.0000000000000000     
   11632.700176734599        665.15947243226481        665.15947243226481        0.0000000000000000     
   12572.300174855400        664.40559254761320        664.40559254761320        0.0000000000000000     
   13572.400172855199        663.63744689499151        663.63744689499151        0.0000000000000000     
   14635.800170728398        662.85278998454100        662.85278998454100        0.0000000000000000     
   15765.000168470002        662.04445885457778        662.04445885457778        0.0000000000000000     
   16962.600166074801        661.20138832984946        661.20138832984946        0.0000000000000000     
   18230.900163538201        660.32230086436653        660.32230086436653        0.0000000000000000     
   19572.000160856001        659.40684183525025        659.40684183525025        0.0000000000000000     
   20988.100158023801        658.45379377710606        658.45379377710606        0.0000000000000000     
   22481.800155036399        657.34331298871030        657.34331298871030        0.0000000000000000     
   24055.400151889200        656.02101478536406        656.02101478536406        0.0000000000000000     
   25710.900148578196        654.42063107520892        654.42063107520892        0.0000000000000000     
   27450.300145099402        652.46973538764007        652.46973538764007        0.0000000000000000     
   29273.500141453002        650.27574086644472        650.27574086644472        0.0000000000000000     
   31182.600137634796        647.84011476486319        647.84011476486319        0.0000000000000000     
   33181.600133636799        645.10684090555185        645.10684090555185        0.0000000000000000     
   35266.400129467198        642.02328364230334        642.02328364230334        0.0000000000000000     
   37443.100125113800        638.51547491353745        638.51547491353745        0.0000000000000000     
   39709.600120580799        634.52598032065077        634.52598032065077        0.0000000000000000     
   42066.100115867797        630.02888946857684        630.02888946857684        0.0000000000000000     
   44512.300110975397        625.03313892629239        625.03313892629239        0.0000000000000000     
   47048.500105902996        619.86050982228392        619.86050982228392        0.0000000000000000     
   49674.500100650999        614.53059487564485        614.53059487564485        0.0000000000000000     
   52388.400095223202        609.01503206838277        609.01503206838277        0.0000000000000000     
   55188.100089623797        603.27907345336610        603.27907345336610        0.0000000000000000     
   58075.700083848598        597.28361931277084        597.28361931277084        0.0000000000000000     
   61043.200077913592        591.02179469628516        591.02179469628516        0.0000000000000000     
   64092.600071814799        584.48520439598053        584.48520439598053        0.0000000000000000     
   67219.800065560397        577.69465512852878        577.69465512852878        0.0000000000000000     
   70421.000059157988        570.68578345248250        570.68578345248250        0.0000000000000000     
   73692.000052616000        563.49046806917443        563.49046806917443        0.0000000000000000     
   77030.900045938193        556.13677513662458        556.13677513662458        0.0000000000000000     
   80429.700039140604        548.90148652380742        548.90148652380742        0.0000000000000000     
   83886.500032227006        542.33919379693339        542.33919379693339        0.0000000000000000     
   87393.200025213606        536.30028282661556        536.30028282661556        0.0000000000000000     
   90947.800018104390        530.67554634235307        530.67554634235307        0.0000000000000000     
   94540.300010919396        525.39999454166457        525.39999454166457        0.0000000000000000     
   100000.00000000000        517.92032980510521        517.92032980510521        0.0000000000000000     
