  0.10880100000000001        417.88030296746376        417.87099520964659        24.905254559148403     
  0.12522300000000000        417.87910246260634        417.86956582295335        24.905727581459153     
  0.14575199999999999        417.87844861167929        417.86744331357897        24.905753330485567     
  0.16833300000000001        417.87608187644787        417.86515668699013        24.904536441843383     
  0.19502100000000000        417.87433131735401        417.86252111813076        24.904137805684250     
  0.22376000000000001        417.87173727377552        417.85976304256974        24.902628138843543     
  0.25865700000000003        417.86897273783757        417.85659796341895        24.902625273337350     
  0.29766200000000004        417.86715762716261        417.85326078853495        24.902305787194731     
  0.34076999999999996        417.86527256213310        417.84979262414026        24.902790247646429     
  0.39004100000000003        417.86270351363135        417.84601429638889        24.902139834534854     
  0.44957299999999994        417.85979175766147        417.84169872171714        24.902079743861368     
  0.51321300000000003        417.85758856265130        417.83722575948013        24.902465971678112     
  0.58711500000000005        417.85507457236878        417.83213684854326        24.901384492658682     
  0.67128100000000002        417.85094467006559        417.82642382222957        24.900349741529965     
  0.76571000000000000        417.85374540604340        417.81797477111189        24.901230395977041     
  0.87245800000000007        417.85161224256319        417.80840937270574        24.900448712445264     
  0.99563000000000001        417.84973438596586        417.79732643766351        24.900284023978330     
   1.1311199999999999        417.84495776590990        417.78532595754660        24.900519374929203     
   1.2850800000000000        417.83917719412852        417.77194562799082        24.892777059025185     
   1.4595700000000000        417.82642409220290        417.75707576359923        24.884531282038079     
   1.6546000000000001        417.81610529154091        417.74084339600972        24.876035218203931     
   1.8722000000000001        417.80852574408294        417.72308589081177        24.868597171509940     
   2.1185300000000002        417.79692112817304        417.70345824303746        24.860380815429526     
   2.3956700000000000        417.79372173434018        417.68179827218137        24.854279954647609     
   2.7035899999999997        417.78624610002998        417.65804800979981        24.844811669222359     
   3.0464199999999999        417.78067706320184        417.63178044755210        24.836674499578962     
   3.4302999999999999        417.77348516475172        417.60256831631182        24.829560915178345     
   3.8593500000000001        417.76389218954813        417.57007739329862        24.822610740156172     
   4.3376600000000005        417.74732325053287        417.53404026521844        24.814412509333231     
   4.8673000000000002        417.73874926918285        417.49428361230338        24.807446835036078     
   5.4564700000000004        417.72387543907945        417.45021646121802        24.799023702804003     
   6.1113300000000006        417.70827385635414        417.40138657785508        24.792465188521117     
   6.8359699999999997        417.68780524515597        417.34752928778431        24.777258099817921     
   7.6406899999999993        417.66546698912987        417.28792502510635        24.759159169279886     
   8.5275199999999991        417.64494874984956        417.22247445864730        24.743718986409181     
   9.5087700000000002        417.61607976374705        417.15033018969086        24.724525101639664     
   10.588600000000000        417.59265132487508        417.07096423014718        24.707024658531978     
   11.779200000000001        417.57804864440106        416.98202571086108        24.690787010123316     
   13.090999999999999        417.54894231934674        416.88401641630202        24.672014419400469     
   14.529999999999999        417.51502166803397        416.77667868605187        24.653565998067279     
   16.110799999999998        417.48228091715828        416.65914156431683        24.634667578393156     
   17.841300000000000        417.43555260441468        416.53105819555088        24.606484782429646     
   19.738099999999999        417.39090680768311        416.39146866351717        24.572630274315234     
   21.811500000000002        417.33968258896908        416.23976675077654        24.533830493109548     
   24.077700000000000        417.29006771487542        416.07495694598856        24.501440689724614     
   26.547199999999997        417.23206101868391        415.89618346819958        24.463169158539802     
   29.238600000000002        417.16634571280298        415.70205836318735        24.421457751439210     
   32.166100000000000        417.09539417057834        415.49207420103124        24.369061602074808     
   35.350100000000005        417.01971754789275        415.26520360871484        24.316110393602912     
   38.805000000000000        416.94510599877776        415.02094396125335        24.259388593466973     
   42.547200000000004        416.86516852475057        414.75849835154264        24.199672886551500     
   46.601599999999998        416.76630039670010        414.47661450804395        24.127230833749699     
   50.986499999999999        416.67462267788545        414.17430227623208        24.055096427679917     
   55.718299999999999        416.57115754575881        413.85029362926485        23.971323508748856     
   60.825800000000001        416.46455699703722        413.50308591729413        23.887195207296983     
   66.323300000000003        416.34300420067188        413.13224530298470        23.784319761572981     
   72.241699999999994        416.21684612697419        412.73609784373565        23.680240186972778     
   78.597200000000001        416.07494204200106        412.31364937914668        23.571329058858126     
   85.418799999999990        415.92880646862585        411.86378402102821        23.452869976054416     
   92.728999999999999        415.77068411448619        411.38556313344463        23.320465757595304     
   100.55000000000000        415.60221887932909        410.87817194809503        23.177614611308869     
   108.91600000000000        415.42144633491074        410.33944559529192        23.023293652639033     
   117.83900000000000        415.22421512656945        409.76950848223350        22.854941552231836     
   127.35600000000001        415.01164814995809        409.16695925429991        22.670777781089097     
   137.48900000000000        414.78380052658696        408.53149779069844        22.474438000598141     
   148.25999999999999        414.54529327368112        407.86282579669182        22.262940286630883     
   159.69999999999999        414.28686163994740        407.16012437651511        22.033205779874901     
   171.83199999999999        414.00644467953254        406.42313085438650        21.789298520406302     
   184.67800000000000        413.70927047550543        405.65167562680551        21.530588486194620     
   198.26300000000001        413.39870001511355        404.84548471425558        21.250627027898691     
   212.60800000000000        413.05848719997198        404.00458870637169        20.950915191793921     
   227.74099999999999        412.69742323543278        403.12867942799920        20.629772934992456     
   243.68099999999998        412.32235688994899        402.21811530139342        20.287659239484551     
   260.45099999999996        411.91761610680447        401.27280183263491        19.924656752942138     
   278.07299999999998        411.49443843020157        400.29280791319434        19.536222995511899     
   296.53899999999999        411.04118789471818        399.28000499074238        19.123545734695703     
   315.88000000000000        410.55414792853145        398.22114861808581        18.684801266385733     
   336.12900000000002        410.01085406114976        397.10482705853497        18.217992131408867     
   357.24800000000005        409.39573308320968        395.91862342633021        17.724233020246697     
   379.29800000000000        408.69461082761239        394.64217878190493        17.207859292191706     
   402.25900000000001        407.88712660894208        393.25621290276820        16.658244606337760     
   426.12900000000002        406.92751335508535        391.73031225442014        16.078505346485212     
   450.90899999999999        405.77410706092746        390.01711672588760        15.469300099335934     
   476.60000000000002        404.38391413618797        388.07419992879454        14.831442930983229     
   503.20300000000003        402.72805607810960        385.87954007982745        14.159013828807435     
   530.69399999999996        400.80514020516148        383.43305834367447        13.455234562465364     
   559.05399999999997        398.64284446489393        380.76295169833452        12.723521852261603     
   588.30600000000004        396.26652675505738        377.89667357858798        11.960044027693476     
   618.36699999999996        393.67790333592563        374.84322680777007        11.164825849203663     
   649.25800000000004        390.84019291083047        371.56343394068489        10.339634417155764     
   680.93600000000004        387.72801057847903        368.03794138425917        9.4846922120752453     
   713.36500000000001        384.34562912524979        364.27143170059543        8.5997101945906191     
   746.50000000000000        380.72264752472006        360.29443102996237        7.6878109435314599     
   780.32399999999996        376.89290468998257        356.14605035182632        6.7476866681161436     
   814.75300000000004        372.90606794093395        351.87430445014360        5.7822130289256064     
   849.77100000000007        368.78786193954613        347.51081135300075        4.7884109511406345     
   885.29300000000001        364.57093205863907        343.08567724151834        3.7711865782460956     
   921.29899999999998        360.19687274113636        338.54542656970540        2.7282915293306074     
   957.69200000000001        355.70337549930895        333.93080058303957        1.6605690273788112     
   1013.0000000000000        348.39609018708131        326.54375348136409        1.6372066871294687E-004
