  0.10740500000000001       0.27337950092677166        0.0000000000000000        285.70091519991496     
  0.12361599999999999       0.31620562939423913        0.0000000000000000        285.70090781130750     
  0.14388199999999998       0.35980818096198702        0.0000000000000000        285.70090873262700     
  0.16600199966799495       0.40052290571351101        0.0000000000000000        285.70090938312626     
  0.19200199961599496       0.44250469243102020        0.0000000000000000        285.70091866380528     
  0.22100199955799496       0.48412931335404313        0.0000000000000000        285.70091896139473     
  0.25500199948999497       0.52825606006996684        0.0000000000000000        285.70101844898937     
  0.29300199941399496       0.57282174028425570        0.0000000000000000        285.70101886262228     
  0.33700199932599495       0.61995958156535413        0.0000000000000000        285.70114650795620     
  0.38600199922799500       0.66805210133375914        0.0000000000000000        285.70134871271841     
  0.44300199911399496       0.71938231096502647        0.0000000000000000        285.70133594582217     
  0.50700199898599496       0.77215926695456250        0.0000000000000000        285.70137253324606     
  0.58000199883999493       0.82723482678336957        0.0000000000000000        285.70137370567761     
  0.66300199867399490       0.88436945495414720        0.0000000000000000        285.70137520055010     
  0.75600199848799510       0.94266889101490658        0.0000000000000000        285.70137695692949     
  0.86200199827599500        1.0031362107428954        0.0000000000000000        285.70137913622563     
  0.98200199803599508        1.0653500929670663        0.0000000000000000        285.70138176091166     
   1.1170019977659948        1.1355579084892851        0.0000000000000000        285.70138511635389     
   1.2690019974619948        1.2154819254452938        0.0000000000000000        285.70139069005137     
   1.4400019971199951        1.3047854871317255        0.0000000000000000        285.70139851571514     
   1.6330019967339948        1.4037465441199868        0.0000000000000000        285.70140770166506     
   1.8490019963019946        1.5120296950377012        0.0000000000000000        285.70142174135151     
   2.0920019958159952        1.6310228093929924        0.0000000000000000        285.70144003345604     
   2.3640019952719951        1.7611549352769589        0.0000000000000000        285.70146238309189     
   2.6680019946639946        1.9121841052649458        0.0000000000000000        285.70149390996670     
   3.0080019939839944        2.0964047485969273        0.0000000000000000        285.70153736631494     
   3.3870019932259949        2.3119974583037046        0.0000000000000000        285.70160803928582     
   3.8100019923799948        2.5573447796621473        0.0000000000000000        285.70169908848220     
   4.2810019914379946        2.8295562835921979        0.0000000000000000        285.70181432244203     
   4.8050019903899956        3.1259853975504406        0.0000000000000000        285.70195712121114     
   5.3870019892259950        3.4437824813201572        0.0000000000000000        285.70213543451683     
   6.0330019879339956        3.7805435821975304        0.0000000000000000        285.70235352478124     
   6.7490019865019937        4.1337219989692313        0.0000000000000000        285.70264118000063     
   7.5420019849159949        4.5010559393877072        0.0000000000000000        285.70299909447476     
   8.4180019831639950        4.8795908624984428        0.0000000000000000        285.70342937526294     
   9.3860019812279951        5.2675562588504832        0.0000000000000000        285.70394015607894     
   10.453001979093994        5.6731418579462609        0.0000000000000000        285.70455466824109     
   11.628001976743995        6.1169560742318376        0.0000000000000000        285.70533171083230     
   12.922001974155995        6.5879937361140311        0.0000000000000000        285.70634013421841     
   14.343001971313996        7.0746159265369162        0.0000000000000000        285.70757392829182     
   15.903001968193996        7.5678151975299475        0.0000000000000000        285.70906801818222     
   17.613001964773996        8.0595432366120043        0.0000000000000000        285.71087606884510     
   19.485001961029994        8.5435593789532369        0.0000000000000000        285.71307629803397     
   21.531001956937995        9.2462557849358866        0.0000000000000000        285.71597898297051     
   23.768001952463997        9.8333005515083141        0.0000000000000000        285.71960468612258     
   26.206001947587996        10.408557163884554        0.0000000000000000        285.72433536529729     
   28.864001942271997        11.004440107674853        0.0000000000000000        285.73050111490608     
   31.754001936491992        11.609570234520307        0.0000000000000000        285.73842911137569     
   34.897001930205995        12.217956288366752        0.0000000000000000        285.74830336655623     
   38.306001923387996        12.825231545891231        0.0000000000000000        285.76034502774695     
   42.002001915995990        13.430934727674440        0.0000000000000000        285.77513747045748     
   46.004001907991999        14.035051447716404        0.0000000000000000        285.79283517901945     
   50.332001899335999        14.638058936017645        0.0000000000000000        285.81380508041121     
   55.004001889991990        15.263483321197922        0.0000000000000000        285.83959858009308     
   60.045001879909996        15.908458789783536        0.0000000000000000        285.87099739808383     
   65.473001869054002        16.568060501391638        0.0000000000000000        285.90868207935301     
   71.314001857371991        17.239553291039527        0.0000000000000000        285.95368574535422     
   77.588001844824007        17.920326211519729        0.0000000000000000        286.00685722809260     
   84.322001831355990        18.609372090329252        0.0000000000000000        286.06930929519916     
   91.539001816921996        19.305894003068108        0.0000000000000000        286.14253125021014     
   99.261001801478002        20.009391819956729        0.0000000000000000        286.22788109540255     
   107.51700178496600        20.746170693754625        0.0000000000000000        286.33100892886392     
   116.32700176734599        21.520404316541821        0.0000000000000000        286.45649335338305     
   125.72300174855400        22.328332717500828        0.0000000000000000        286.60919810473536     
   135.72400172855200        23.166066719134491        0.0000000000000000        286.79680902236788     
   146.35800170728399        24.031144126679539        0.0000000000000000        287.03921956111151     
   157.65000168470002        25.007549094536166        0.0000000000000000        287.40738822978017     
   169.62600166074802        26.184155756337816        0.0000000000000000        287.91872419391132     
   182.30900163538200        27.496974308569825        0.0000000000000000        288.49540424437856     
   195.72000160856001        28.918090821102485        0.0000000000000000        289.15814732923104     
   209.88100158023801        30.449286560493725        0.0000000000000000        290.02945266716688     
   224.81800155036399        33.277774466151193        0.0000000000000000        291.78376560640874     
   240.55400151889199        37.118175543916422        0.0000000000000000        293.73216071669054     
   257.10900148578196        41.975650217523153        0.0000000000000000        295.89911494060937     
   274.50300145099402        47.969290074128303        0.0000000000000000        298.32701014548144     
   292.73500141453002        54.958633239924083        0.0000000000000000        301.01767712271356     
   311.82600137634796        62.775178221653768        0.0000000000000000        303.98686138110281     
   331.81600133636800        71.266343649542719        0.0000000000000000        307.24943659629520     
   352.66400129467200        80.285247698017344        0.0000000000000000        310.79999302083291     
   374.43100125113801        89.794031953446364        0.0000000000000000        314.65404667232389     
   397.09600120580797        99.784524860412674        0.0000000000000000        318.82795138303459     
   420.66100115867795        110.21014900047606        0.0000000000000000        323.30277068759216     
   445.12300110975394        121.07362444400150        0.0000000000000000        328.08816387793820     
   470.48500105902997        132.70075145875825        0.0000000000000000        333.21833817841213     
   496.74500100650999        145.28887239531980        0.0000000000000000        338.75024406560721     
   523.88400095223199        158.90686545005033        0.0000000000000000        344.69832649400013     
   551.88100089623799        173.41928640387258        0.0000000000000000        351.06378081628515     
   580.75700083848596        188.49621683761248        0.0000000000000000        357.81473288057629     
   610.43200077913593        203.76856760324014        0.0000000000000000        364.91627499100764     
   640.92600071814798        218.99413329652421        0.0000000000000000        372.34083068246809     
   672.19800065560401        234.04264484127296        0.0000000000000000        380.04534204678299     
   704.21000059157984        248.86882392919600        0.0000000000000000        387.94757518954492     
   736.92000052616004        263.57238721969424        0.0000000000000000        396.00922220992061     
   770.30900045938188        278.28845404156397        0.0000000000000000        404.14260214871655     
   804.29700039140607        293.62443319730164        0.0000000000000000        412.34069084533877     
   838.86500032227002        310.85543150331461        0.0000000000000000        420.84181907822284     
   873.93200025213605        329.38643299347700        0.0000000000000000        429.47384788605325     
   909.47800018104385        348.71673941539331        0.0000000000000000        438.00857695063553     
   945.40300010919395        368.33844492737654        0.0000000000000000        446.15183855000720     
   1000.0000000000000        397.93309689088210        0.0000000000000000        456.59644152358590     
