  0.10880100000000001        417.88030296746376        417.87099520964659        24.905254559148403     	  0.10880100000000001        4.5514258079176931E-002   0.0000000000000000        302.18910452484658     
  0.12522300000000000        417.87910246260634        417.86956582295335        24.905727581459153     	  0.12522300000000000        4.5155421386986652E-002   0.0000000000000000        302.18596877377695     
  0.14575199999999999        417.87844861167929        417.86744331357897        24.905753330485567     	  0.14575199999999999        4.4867022117356152E-002   0.0000000000000000        302.19023523294982     
  0.16833300000000001        417.87608187644787        417.86515668699013        24.904536441843383     	  0.16833300000000001        4.8512932014639687E-002   0.0000000000000000        302.19060756010907     
  0.19502100000000000        417.87433131735401        417.86252111813076        24.904137805684250     	  0.19502100000000000        5.1131087584874828E-002   0.0000000000000000        302.19126340163899     
  0.22376000000000001        417.87173727377552        417.85976304256974        24.902628138843543     	  0.22376000000000001        5.4199943249074643E-002   0.0000000000000000        302.19207382169566     
  0.25865700000000003        417.86897273783757        417.85659796341895        24.902625273337350     	  0.25865700000000003        5.7145415455177477E-002   0.0000000000000000        302.19209350119223     
  0.29766200000000004        417.86715762716261        417.85326078853495        24.902305787194731     	  0.29766200000000004        6.0039736488865569E-002   0.0000000000000000        302.19233893815840     
  0.34076999999999996        417.86527256213310        417.84979262414026        24.902790247646429     	  0.34076999999999996        6.3100166290772294E-002   0.0000000000000000        302.19261528825638     
  0.39004100000000003        417.86270351363135        417.84601429638889        24.902139834534854     	  0.39004100000000003        6.7007964926204880E-002   0.0000000000000000        302.19247671678471     
  0.44957299999999994        417.85979175766147        417.84169872171714        24.902079743861368     	  0.44957299999999994        6.9962289359391222E-002   0.0000000000000000        302.19157748674422     
  0.51321300000000003        417.85758856265130        417.83722575948013        24.902465971678112     	  0.51321300000000003        7.4185608865983077E-002   0.0000000000000000        302.19236561213285     
  0.58711500000000005        417.85507457236878        417.83213684854326        24.901384492658682     	  0.58711500000000005        7.8940075358236453E-002   0.0000000000000000        302.19261910588011     
  0.67128100000000002        417.85094467006559        417.82642382222957        24.900349741529965     	  0.67128100000000002        8.3491397182701876E-002   0.0000000000000000        302.19243943880207     
  0.76571000000000000        417.85374540604340        417.81797477111189        24.901230395977041     	  0.76571000000000000        8.9054422966009295E-002   0.0000000000000000        302.19290944657308     
  0.87245800000000007        417.85161224256319        417.80840937270574        24.900448712445264     	  0.87245800000000007        9.4494675740752238E-002   0.0000000000000000        302.19272125510372     
  0.99563000000000001        417.84973438596586        417.79732643766351        24.900284023978330     	  0.99563000000000001       0.10110823427906732        0.0000000000000000        302.19321311683910     
   1.1311199999999999        417.84495776590990        417.78532595754660        24.900519374929203     	   1.1311199999999999       0.10828352839560949        0.0000000000000000        302.19322156021104     
   1.2850800000000000        417.83917719412852        417.77194562799082        24.892777059025185     	   1.2850800000000000       0.11668592986828154        0.0000000000000000        302.19332867559558     
   1.4595700000000000        417.82642409220290        417.75707576359923        24.884531282038079     	   1.4595700000000000       0.12616505235232903        0.0000000000000000        302.19330718651474     
   1.6546000000000001        417.81610529154091        417.74084339600972        24.876035218203931     	   1.6546000000000001       0.13656751009243873        0.0000000000000000        302.19335722026739     
   1.8722000000000001        417.80852574408294        417.72308589081177        24.868597171509940     	   1.8722000000000001       0.14879594442400035        0.0000000000000000        302.19395198939532     
   2.1185300000000002        417.79692112817304        417.70345824303746        24.860380815429526     	   2.1185300000000002       0.16171196640461222        0.0000000000000000        302.19391287107123     
   2.3956700000000000        417.79372173434018        417.68179827218137        24.854279954647609     	   2.3956700000000000       0.17628822959310406        0.0000000000000000        302.19440670010857     
   2.7035899999999997        417.78624610002998        417.65804800979981        24.844811669222359     	   2.7035899999999997       0.19256901095690748        0.0000000000000000        302.19465618049156     
   3.0464199999999999        417.78067706320184        417.63178044755210        24.836674499578962     	   3.0464199999999999       0.21165547084937794        0.0000000000000000        302.19512138638225     
   3.4302999999999999        417.77348516475172        417.60256831631182        24.829560915178345     	   3.4302999999999999       0.23298406010534117        0.0000000000000000        302.19525667242800     
   3.8593500000000001        417.76389218954813        417.57007739329862        24.822610740156172     	   3.8593500000000001       0.25691128349301812        0.0000000000000000        302.19556839474541     
   4.3376600000000005        417.74732325053287        417.53404026521844        24.814412509333231     	   4.3376600000000005       0.28227363115256698        0.0000000000000000        302.19553783500476     
   4.8673000000000002        417.73874926918285        417.49428361230338        24.807446835036078     	   4.8673000000000002       0.31023376851782003        0.0000000000000000        302.19646870346304     
   5.4564700000000004        417.72387543907945        417.45021646121802        24.799023702804003     	   5.4564700000000004       0.34013764692304838        0.0000000000000000        302.19698525092440     
   6.1113300000000006        417.70827385635414        417.40138657785508        24.792465188521117     	   6.1113300000000006       0.37231076162140808        0.0000000000000000        302.19763429966957     
   6.8359699999999997        417.68780524515597        417.34752928778431        24.777258099817921     	   6.8359699999999997       0.40586244595951704        0.0000000000000000        302.19779252850617     
   7.6406899999999993        417.66546698912987        417.28792502510635        24.759159169279886     	   7.6406899999999993       0.44092638662142691        0.0000000000000000        302.19817038365738     
   8.5275199999999991        417.64494874984956        417.22247445864730        24.743718986409181     	   8.5275199999999991       0.47782556853378622        0.0000000000000000        302.19882997556584     
   9.5087700000000002        417.61607976374705        417.15033018969086        24.724525101639664     	   9.5087700000000002       0.51634347197932196        0.0000000000000000        302.19918937795438     
   10.588600000000000        417.59265132487508        417.07096423014718        24.707024658531978     	   10.588600000000000       0.55725441394734854        0.0000000000000000        302.19948052276322     
   11.779200000000001        417.57804864440106        416.98202571086108        24.690787010123316     	   11.779200000000001       0.60159725391855667        0.0000000000000000        302.19964347448621     
   13.090999999999999        417.54894231934674        416.88401641630202        24.672014419400469     	   13.090999999999999       0.64965999915910166        0.0000000000000000        302.20027983876713     
   14.529999999999999        417.51502166803397        416.77667868605187        24.653565998067279     	   14.529999999999999       0.70132664253674615        0.0000000000000000        302.20097109571896     
   16.110799999999998        417.48228091715828        416.65914156431683        24.634667578393156     	   16.110799999999998       0.75619669443218729        0.0000000000000000        302.20158033867108     
   17.841300000000000        417.43555260441468        416.53105819555088        24.606484782429646     	   17.841300000000000       0.81462119042023462        0.0000000000000000        302.20250037664056     
   19.738099999999999        417.39090680768311        416.39146866351717        24.572630274315234     	   19.738099999999999       0.87620710994458806        0.0000000000000000        302.20308493611407     
   21.811500000000002        417.33968258896908        416.23976675077654        24.533830493109548     	   21.811500000000002       0.97007457741036185        0.0000000000000000        302.20387937324239     
   24.077700000000000        417.29006771487542        416.07495694598856        24.501440689724614     	   24.077700000000000        1.0885493115749412        0.0000000000000000        302.20573368475021     
   26.547199999999997        417.23206101868391        415.89618346819958        24.463169158539802     	   26.547199999999997        1.2159083071135763        0.0000000000000000        302.20922187673040     
   29.238600000000002        417.16634571280298        415.70205836318735        24.421457751439210     	   29.238600000000002        1.3448601329024772        0.0000000000000000        302.21364158522022     
   32.166100000000000        417.09539417057834        415.49207420103124        24.369061602074808     	   32.166100000000000        1.4745287144364705        0.0000000000000000        302.21879952543907     
   35.350100000000005        417.01971754789275        415.26520360871484        24.316110393602912     	   35.350100000000005        1.6089798550224965        0.0000000000000000        302.22500548404264     
   38.805000000000000        416.94510599877776        415.02094396125335        24.259388593466973     	   38.805000000000000        1.7509307980718865        0.0000000000000000        302.23192241849665     
   42.547200000000004        416.86516852475057        414.75849835154264        24.199672886551500     	   42.547200000000004        1.9023830159838311        0.0000000000000000        302.23990423040101     
   46.601599999999998        416.76630039670010        414.47661450804395        24.127230833749699     	   46.601599999999998        2.0639237164111623        0.0000000000000000        302.24884023529495     
   50.986499999999999        416.67462267788545        414.17430227623208        24.055096427679917     	   50.986499999999999        2.2359650399421667        0.0000000000000000        302.25909690598161     
   55.718299999999999        416.57115754575881        413.85029362926485        23.971323508748856     	   55.718299999999999        2.4230820903149599        0.0000000000000000        302.27101119219952     
   60.825800000000001        416.46455699703722        413.50308591729413        23.887195207296983     	   60.825800000000001        2.6249871551444608        0.0000000000000000        302.28551275681571     
   66.323300000000003        416.34300420067188        413.13224530298470        23.784319761572981     	   66.323300000000003        2.8402814936847802        0.0000000000000000        302.30271819243308     
   72.241699999999994        416.21684612697419        412.73609784373565        23.680240186972778     	   72.241699999999994        3.0684818718728502        0.0000000000000000        302.32308516984727     
   78.597200000000001        416.07494204200106        412.31364937914668        23.571329058858126     	   78.597200000000001        3.3077560773244294        0.0000000000000000        302.34672779639453     
   85.418799999999990        415.92880646862585        411.86378402102821        23.452869976054416     	   85.418799999999990        3.5576371692598907        0.0000000000000000        302.37434773028963     
   92.728999999999999        415.77068411448619        411.38556313344463        23.320465757595304     	   92.728999999999999        3.8169761948094467        0.0000000000000000        302.40583855426576     
   100.55000000000000        415.60221887932909        410.87817194809503        23.177614611308869     	   100.55000000000000        4.0838799518885462        0.0000000000000000        302.44124409129307     
   108.91600000000000        415.42144633491074        410.33944559529192        23.023293652639033     	   108.91600000000000        4.3660609630566523        0.0000000000000000        302.48307442011770     
   117.83900000000000        415.22421512656945        409.76950848223350        22.854941552231836     	   117.83900000000000        4.6620913922861345        0.0000000000000000        302.53335725230409     
   127.35600000000001        415.01164814995809        409.16695925429991        22.670777781089097     	   127.35600000000001        4.9710311182300666        0.0000000000000000        302.59321934685022     
   137.48900000000000        414.78380052658696        408.53149779069844        22.474438000598141     	   137.48900000000000        5.2901547121379551        0.0000000000000000        302.66347226123662     
   148.25999999999999        414.54529327368112        407.86282579669182        22.262940286630883     	   148.25999999999999        5.6182641559736091        0.0000000000000000        302.74593960275325     
   159.69999999999999        414.28686163994740        407.16012437651511        22.033205779874901     	   159.69999999999999        5.9533484607799689        0.0000000000000000        302.84158266061775     
   171.83199999999999        414.00644467953254        406.42313085438650        21.789298520406302     	   171.83199999999999        6.2937032236917325        0.0000000000000000        302.95264487906752     
   184.67800000000000        413.70927047550543        405.65167562680551        21.530588486194620     	   184.67800000000000        6.6380933891058360        0.0000000000000000        303.08169284564502     
   198.26300000000001        413.39870001511355        404.84548471425558        21.250627027898691     	   198.26300000000001        6.9851422168695434        0.0000000000000000        303.23164260313035     
   212.60800000000000        413.05848719997198        404.00458870637169        20.950915191793921     	   212.60800000000000        7.3334406690895246        0.0000000000000000        303.40684093499738     
   227.74099999999999        412.69742323543278        403.12867942799920        20.629772934992456     	   227.74099999999999        7.6827796178900725        0.0000000000000000        303.61380833928456     
   243.68099999999998        412.32235688994899        402.21811530139342        20.287659239484551     	   243.68099999999998        8.0324895887964463        0.0000000000000000        303.86145578211614     
   260.45099999999996        411.91761610680447        401.27280183263491        19.924656752942138     	   260.45099999999996        8.3866818264235565        0.0000000000000000        304.16895195189380     
   278.07299999999998        411.49443843020157        400.29280791319434        19.536222995511899     	   278.07299999999998        8.7504119053965663        0.0000000000000000        304.57540192153169     
   296.53899999999999        411.04118789471818        399.28000499074238        19.123545734695703     	   296.53899999999999        9.1356025440579511        0.0000000000000000        305.17674974585009     
   315.88000000000000        410.55414792853145        398.22114861808581        18.684801266385733     	   315.88000000000000        10.089821073945659        0.0000000000000000        306.17787468457539     
   336.12900000000002        410.01085406114976        397.10482705853497        18.217992131408867     	   336.12900000000002        11.855219067914371        0.0000000000000000        307.34900135665890     
   357.24800000000005        409.39573308320968        395.91862342633021        17.724233020246697     	   357.24800000000005        14.632136879840063        0.0000000000000000        308.72533569885991     
   379.29800000000000        408.69461082761239        394.64217878190493        17.207859292191706     	   379.29800000000000        18.728383088395194        0.0000000000000000        310.34521798527089     
   402.25900000000001        407.88712660894208        393.25621290276820        16.658244606337760     	   402.25900000000001        24.408517047320377        0.0000000000000000        312.27253842411000     
   426.12900000000002        406.92751335508535        391.73031225442014        16.078505346485212     	   426.12900000000002        31.660236727359766        0.0000000000000000        314.54418711130620     
   450.90899999999999        405.77410706092746        390.01711672588760        15.469300099335934     	   450.90899999999999        40.210916289364178        0.0000000000000000        317.18514283965487     
   476.60000000000002        404.38391413618797        388.07419992879454        14.831442930983229     	   476.60000000000002        49.735753925712530        0.0000000000000000        320.23710180055474     
   503.20300000000003        402.72805607810960        385.87954007982745        14.159013828807435     	   503.20300000000003        59.924724283787768        0.0000000000000000        323.69199451348163     
   530.69399999999996        400.80514020516148        383.43305834367447        13.455234562465364     	   530.69399999999996        70.829532409415236        0.0000000000000000        327.60037207609128     
   559.05399999999997        398.64284446489393        380.76295169833452        12.723521852261603     	   559.05399999999997        82.366095158374776        0.0000000000000000        331.96424723347832     
   588.30600000000004        396.26652675505738        377.89667357858798        11.960044027693476     	   588.30600000000004        94.490196262674104        0.0000000000000000        336.76912449799062     
   618.36699999999996        393.67790333592563        374.84322680777007        11.164825849203663     	   618.36699999999996        107.58970415811358        0.0000000000000000        342.06799208207315     
   649.25800000000004        390.84019291083047        371.56343394068489        10.339634417155764     	   649.25800000000004        122.72238561822135        0.0000000000000000        348.10141523251360     
   680.93600000000004        387.72801057847903        368.03794138425917        9.4846922120752453     	   680.93600000000004        139.61817277696144        0.0000000000000000        354.85163432623841     
   713.36500000000001        384.34562912524979        364.27143170059543        8.5997101945906191     	   713.36500000000001        157.71436915633814        0.0000000000000000        362.26136223816115     
   746.50000000000000        380.72264752472006        360.29443102996237        7.6878109435314599     	   746.50000000000000        176.43730831425586        0.0000000000000000        370.26443782878454     
   780.32399999999996        376.89290468998257        356.14605035182632        6.7476866681161436     	   780.32399999999996        195.42331578623623        0.0000000000000000        378.78976196701961     
   814.75300000000004        372.90606794093395        351.87430445014360        5.7822130289256064     	   814.75300000000004        214.50699540894885        0.0000000000000000        387.72831212732382     
   849.77100000000007        368.78786193954613        347.51081135300075        4.7884109511406345     	   849.77100000000007        233.72770548113866        0.0000000000000000        396.95637242199240     
   885.29300000000001        364.57093205863907        343.08567724151834        3.7711865782460956     	   885.29300000000001        253.14885898066868        0.0000000000000000        406.21909324301362     
   921.29899999999998        360.19687274113636        338.54542656970540        2.7282915293306074     	   921.29899999999998        275.73805174904663        0.0000000000000000        415.87473701042143     
   957.69200000000001        355.70337549930895        333.93080058303957        1.6605690273788112     	   957.69200000000001        301.18607377765125        0.0000000000000000        425.26218704292205     
   1013.0000000000000        348.39609018708131        326.54375348136409        1.6372066871294687E-004	   1013.0000000000000        345.06191093160027        0.0000000000000000        438.83436117182464     
