   9.9999997473787525E-007   685.41598171729743        685.38895335793495        328.11900020950816        357.29698150778927     
  0.10740500000000001        685.49654172125543        685.34513974189758        328.24029785865059        29.137243653096675     
  0.12361599999999999        685.57073133866015        685.33107241988182        328.23963718951200       -299.02820391901059     
  0.14388199999999998        685.59913677650547        685.31631800532341        328.23976343158574       -627.23956191275101     
  0.16600199966799495        685.63459527432951        685.30219486355782        328.25500980563811       -955.45911322056509     
  0.19200199961599496        685.66977410208710        685.28722172975540        328.25531425984809       -1283.6792486526556     
  0.22100199955799496        685.69729973841640        685.27222502231598        328.25468470221676       -1611.9064077185431     
  0.25500199948999497        685.72447591146988        685.25626024603844        328.25448524570857       -1940.1337167911981     
  0.29300199941399496        685.75358553856495        685.23996707797050        328.25490676805930       -2268.3595139321624     
  0.33700199932599495        685.77864271150565        685.22221410274506        328.25355492121344       -2596.5880116804351     
  0.38600199922799500        685.80849207248389        685.20389309525490        328.25199421171601       -2924.8101565311727     
  0.44300199911399496        685.84052655491087        685.18365496397018        328.25109593251182       -3253.0292179812577     
  0.50700199898599496        685.87503298491833        685.16236191987991        328.24960066802669       -3581.2443122192772     
  0.58000199883999493        685.91017964676075        685.13948592543602        328.24717578714444       -3909.4563413445790     
  0.66300199867399490        685.94604317304470        685.11447754502296        328.24460450018341       -4237.6650823184782     
  0.75600199848799510        685.98623754858545        685.08767518401146        328.24184088265429       -4565.8667288255920     
  0.86200199827599500        686.02329244208090        685.05809676647186        328.23722476374314       -4894.0668986958399     
  0.98200199803599508        686.06700941669214        685.02593281865120        328.23397735163962       -5222.2571590728676     
   1.1170019977659948        686.12389582897254        684.98844259977341        328.22959367893236       -5550.4298663395202     
   1.2690019974619948        686.20510869995974        684.94412592053413        328.22577007776636       -5878.5744235462989     
   1.4400019971199951        686.29797399640779        684.89318552613258        328.22123690398439       -6206.7027951538357     
   1.6330019967339948        686.40632697103933        684.83486148715019        328.21559603999049       -6534.8100382191942     
   1.8490019963019946        686.53671173910493        684.77000570297241        328.20935949670456       -6862.8890129478332     
   2.0920019958159952        686.67775803248605        684.69797229766846        328.20226880681730       -7190.9502354612696     
   2.3640019952719951        686.83588256857047        684.61938107013702        328.19558682036222       -7518.9876977455478     
   2.6680019946639946        687.00861553351160        684.53409665822983        328.18658805650375       -7847.0015528371096     
   3.0080019939839944        687.19535186771600        684.44220638275146        328.17684783473669       -8174.9916643376419     
   3.3870019932259949        687.39490491233983        684.34375312924385        328.16772752070392       -8502.9598388137219     
   3.8100019923799948        687.60866301349870        684.23843967914581        328.15681610003958       -8830.9028968126040     
   4.2810019914379946        687.83287786448579        684.12579736113548        328.14231341752748       -9158.8209953791429     
   4.8050019903899956        688.07151633746957        684.00554750859737        328.12822246674659       -9486.7105793729061     
   5.3870019892259950        688.32156326293079        683.87701427936554        328.11459779458528       -9814.5751302420304     
   6.0330019879339956        688.57974407068468        683.73941214382648        328.09677443578767       -10142.413723870064     
   6.7490019865019937        688.84499403622681        683.59180614352226        328.07770590513974       -10470.226179809662     
   7.5420019849159949        689.11359614245589        683.43274880945683        328.05736029976833       -10798.014938003202     
   8.4180019831639950        689.39215671489887        683.26148131489754        328.03472355629856       -11125.771100987056     
   9.3860019812279951        689.66685834420014        683.07621863484383        328.01011182689581       -11453.506511184651     
   10.453001979093994        689.97063024006820        682.87377510964870        327.98375449219202       -11781.186493780975     
   11.628001976743995        690.31680811613637        682.64738646149635        327.95191182229610       -12108.792227727203     
   12.922001974155995        690.70273924039770        682.39650996029377        327.91996072921938       -12436.326257332161     
   14.343001971313996        691.10138649907503        682.12091213464737        327.88483535999876       -12763.812445433483     
   15.903001968193996        691.50576381700944        681.81996117532253        327.84358585475456       -13091.251653970303     
   17.613001964773996        691.89560599150900        681.49302892386913        327.80003978860259       -13418.661851584406     
   19.485001961029994        692.27335560386769        681.13951214402914        327.75312176187981       -13746.037223733927     
   21.531001956937995        692.79329036652291        680.75541926175356        327.69918959877214       -14073.216478570044     
   23.768001952463997        693.24912959179483        680.33669130504131        327.64284558089457       -14400.403484925666     
   26.206001947587996        693.67201643440421        679.88524099439383        327.58318729032908       -14727.563785373386     
   28.864001942271997        694.06173254842724        679.39987771958113        327.51859252006034       -15054.692661779423     
   31.754001936491992        694.42906085839695        678.87982539832592        327.44824097488890       -15381.773574444342     
   34.897001930205995        694.77768065639748        678.32316233962774        327.36938041660142       -15708.794335062945     
   38.306001923387996        695.10586680212145        677.72966733574867        327.28418366161532       -16035.750332578835     
   42.002001915995990        695.41982152031233        677.09781494736671        327.19279051299054       -16362.629168373636     
   46.004001907991999        695.71514460515027        676.42638324946165        327.09138417267604       -16689.425229461474     
   50.332001899335999        695.99875894221987        675.71387056261301        326.98087456692519       -17016.122489691330     
   55.004001889991990        696.29275187200983        674.95319044962525        326.86173480231810       -17342.690231563858     
   60.045001879909996        696.59865162413917        674.14275696128607        326.73690737143806       -17669.121239183165     
   65.473001869054002        696.91188026421878        673.28233657404780        326.60302887976286       -17995.411039422848     
   71.314001857371991        697.22335552932054        672.37008338794112        326.46177331187027       -18321.561337469619     
   77.588001844824007        697.53917616594117        671.40482165664434        326.31311030713005       -18647.558627140126     
   84.322001831355990        697.84805206835154        670.38416510075331        326.15390180565919       -18973.403653043373     
   91.539001816921996        698.14258166695072        669.30628218315542        325.98335400749420       -19299.092477452268     
   99.261001801478002        698.42899448444950        668.16960376687348        325.80721222764623       -19624.613276862416     
   107.51700178496600        698.74286343733547        666.96446133777499        325.63108018126695       -19949.930488090795     
   116.32700176734599        699.08431094343541        665.68870930373669        325.45343054171644       -20275.042471126413     
   125.72300174855400        699.44614175544120        664.34110472165048        325.28393725777460       -20599.964577572180     
   135.72400172855200        699.81205064244568        662.92230453528464        325.12911595075093       -20924.727784635928     
   146.35800170728399        700.17606116947718        661.43173987045884        325.00681155514212       -21249.370585664037     
   157.65000168470002        700.61400020681322        659.86680890992284        324.99233613523393       -21573.924982761935     
   169.62600166074802        701.20966768881772        658.22326282551512        325.10076682983345       -21898.430082109764     
   182.30900163538200        701.88918723381357        656.50058723962866        325.25201425279374       -22223.002576817562     
   195.72000160856001        702.62131767440587        654.69891775748692        325.46929501778686       -22547.739741394755     
   209.88100158023801        703.40231329249218        652.81792800163385        325.88263732822998       -22872.841383104897     
   224.81800155036399        705.40173944155686        650.80757474177517        327.18114662973676       -23198.023103585569     
   240.55400151889199        708.30262178461999        648.64876421866938        328.64957069981028       -23523.771791942316     
   257.10900148578196        712.02844336652197        646.32030676028808        330.30825457269384       -23850.354224933108     
   274.50300145099402        716.52663509501144        643.80168508403585        332.16609029870597       -23845.856033204618     
   292.73500141453002        721.71624845918268        641.08439352861205        334.23750180645584       -23840.666419840447     
   311.82600137634796        727.48806427884847        638.15255357112574        336.54233795016626       -23834.894604020781     
   331.81600133636800        733.73044904507697        634.98346996626412        339.09237620509521       -23828.652219254553     
   352.66400129467200        740.32083209045231        631.56572118011513        341.88207603837509       -23822.061836209177     
   374.43100125113801        747.20763145573437        627.87043708707199        344.92166170399287       -23815.175036843895     
   397.09600120580797        754.35570964775980        623.88397854262962        348.22079302438942       -23808.026958651870     
   420.66100115867795        761.70167772471905        619.60113900193232        351.75091807082208       -23800.680990574911     
   445.12300110975394        769.22299090400338        615.02116956191765        355.50534552391764       -23793.159677395626     
   470.48500105902997        777.46366133168340        610.14899622462804        359.56205399331884       -23784.919006967946     
   496.74500100650999        786.52087130583823        604.98411341663450        363.97963550599889       -23775.861796993791     
   523.88400095223199        796.31406731717288        599.50297223357484        368.78066485973977       -23766.068600982457     
   551.88100089623799        806.56931078829803        593.70639564259909        373.97091466231905       -23755.813357511332     
   580.75700083848596        816.88719798566308        587.62257906817831        379.51034831080869       -23745.495470313967     
   610.43200077913593        826.94418674241751        581.30588200093189        385.35774103318090       -23735.438481557212     
   640.92600071814798        836.59987535432447        574.78990242671716        391.48009798369822       -23725.782792945305     
   672.19800065560401        845.82762300252216        568.11710630043672        397.83093428126494       -23716.555045297107     
   704.21000059157984        854.65793518570717        561.32552217483658        404.31990419345993       -23707.724733113922     
   736.92000052616004        863.23248186998535        554.43932883590639        410.90812318650387       -23699.150186429644     
   770.30900045938188        871.68835844309069        547.46900369018067        417.49568869063341       -23690.694309856539     
   804.29700039140607        880.67083238170017        540.40687014692071        424.08642904534645       -23681.711835917929     
   838.86500032227002        891.48808595945593        533.19094747441045        430.95067717988059       -23670.894582340174     
   873.93200025213605        903.47600362880621        525.87344403450004        437.90394334270468       -23658.906664670823     
   909.47800018104385        916.08119870896917        518.49403031922157        444.70833657357980       -23646.301469590660     
   945.40300010919395        928.76265794958454        511.10643227984514        451.07098864523323       -23633.620010350045     
   1000.0000000000000        947.21049357825541        499.83257211188538        458.66502001196307       -23615.172174721374     
