  0.71720851222955018     
  0.85301945791835820     
  0.99587934276437096     
   1.1442385860347632     
   1.2938358755430335     
   1.4404776408300448     
   1.5888249751109076     
   1.7339541224947685     
   1.8715143479161978     
   2.0003073840425234     
   2.1255437113221514     
   2.2374590577377127     
   2.3484841447570997     
   2.4402264251289609     
   2.5344794401642532     
   10.808011081453397     
   11.493277070838843     
   11.691652211159823     
   11.539633162094722     
   11.120837085961721     
   10.557067366192319     
   9.9018172184106277     
   9.1800076774988000     
   8.4974672815104348     
   7.8005383582839363     
   8.9396513015984702     
   7.9962335538386302     
   7.1040329615244211     
   6.3197076266022068     
   5.6386575667746683     
   5.0250954505930228     
   4.4858814050074898     
   4.0018337483758639     
   3.5957727858609356     
   3.3877166741209450     
   3.0999894087329478     
   2.7643326845425293     
   2.4828771361128950     
   2.2159551019817960     
   1.9987326729792705     
   1.7934521491057767     
   1.6163551237190410     
   1.4651648470580885     
   1.3227035243186813     
   1.2177040320813823     
   1.2152773827854508     
   1.1006248360867372     
  0.99327248321845674     
  0.90534206959475161     
  0.81098145618947992     
  0.74607651383946039     
  0.67390057354589683     
  0.62781220456481501     
  0.56355481202881053     
  0.52352692651771016     
  0.57120228515096028     
  0.51972208063204395     
  0.47176132079927274     
  0.43551450980809941     
  0.38537727377972864     
  0.35466133697002478     
  0.32586347617789713     
  0.29889669251283552     
  0.27367140111391364     
  0.25009612613542331     
  0.37348413451050860     
  0.32165523550279257     
  0.28645907958724187     
  0.25441423638411753     
  0.22030967420508840     
  0.19912622530575841     
  0.17515030137949913     
  0.15769907634121941     
  0.14168454478941761     
  0.13087417336234294     
