   9.9999999747524263E-009   9142.5797484983577        9142.5797484983577        0.0000000000000000     
   1.9999999949504854E-006   9142.5797484983577        9142.5797484983577        0.0000000000000000     
   8.3001999667994944E-002   9129.0183413134946        9129.0183413134946        0.0000000000000000     
   9.6001999615994954E-002   9127.7753565005441        9127.7753565005441        0.0000000000000000     
  0.11050199955799496        9126.8507003893392        9126.8507003893392        0.0000000000000000     
  0.12750199948999497        9125.8374665603478        9125.8374665603478        0.0000000000000000     
  0.14650199941399497        9124.7899667859147        9124.7899667859147        0.0000000000000000     
  0.16850199932599497        9123.6751621328149        9123.6751621328149        0.0000000000000000     
  0.19300199922799496        9122.5401404492513        9122.5401404492513        0.0000000000000000     
  0.22150199911399493        9121.3349406303423        9121.3349406303423        0.0000000000000000     
  0.25350199898599496        9120.1013799693192        9120.1013799693192        0.0000000000000000     
  0.29000199883999495        9118.8148039527805        9118.8148039527805        0.0000000000000000     
  0.33150199867399494        9117.4722064892267        9117.4722064892267        0.0000000000000000     
  0.37800199848799498        9116.0840958098397        9116.0840958098397        0.0000000000000000     
  0.43100199827599495        9114.6155154857479        9114.6155154857479        0.0000000000000000     
  0.49100199803599492        9113.0652162395836        9113.0652162395836        0.0000000000000000     
  0.55850199776599496        9111.4314367151328        9111.4314367151328        0.0000000000000000     
  0.63450199746199498        9109.7016589611430        9109.7016589611430        0.0000000000000000     
  0.72000199711999502        9107.8661225695378        9107.8661225695378        0.0000000000000000     
  0.81650199673399504        9105.9072843515005        9105.9072843515005        0.0000000000000000     
  0.92450199630199492        9103.8307955274631        9103.8307955274631        0.0000000000000000     
   1.0460019958159950        9101.4963555717095        9101.4963555717095        0.0000000000000000     
   1.1820019952719951        9098.5844745790928        9098.5844745790928        0.0000000000000000     
   1.3340019946639949        9095.1706396571990        9095.1706396571990        0.0000000000000000     
   1.5040019939839948        9091.3412842570579        9091.3412842570579        0.0000000000000000     
   1.6935019932259947        9087.2040216894493        9087.2040216894493        0.0000000000000000     
   1.9050019923799950        9082.8392384184972        9082.8392384184972        0.0000000000000000     
   2.1405019914379948        9078.3257637706029        9078.3257637706029        0.0000000000000000     
   2.4025019903899949        9073.7142452868429        9073.7142452868429        0.0000000000000000     
   2.6935019892259953        9069.0379867153151        9069.0379867153151        0.0000000000000000     
   3.0165019879339949        9064.3057894997200        9064.3057894997200        0.0000000000000000     
   3.3745019865019947        9059.5146832009559        9059.5146832009559        0.0000000000000000     
   3.7710019849159950        9054.6479542968591        9054.6479542968591        0.0000000000000000     
   4.2090019831639953        9049.6916014866474        9049.6916014866474        0.0000000000000000     
   4.6930019812279955        9044.6143621870597        9044.6143621870597        0.0000000000000000     
   5.2265019790939951        9039.3975317312179        9039.3975317312179        0.0000000000000000     
   5.8140019767439943        9034.0136082383397        9034.0136082383397        0.0000000000000000     
   6.4610019741559945        9028.4292800188377        9028.4292800188377        0.0000000000000000     
   7.1715019713139956        9022.6279823854074        9022.6279823854074        0.0000000000000000     
   7.9515019681939956        9016.5797989769180        9016.5797989769180        0.0000000000000000     
   8.8065019647739948        9010.2649230040333        9010.2649230040333        0.0000000000000000     
   9.7425019610299941        9003.6650494455444        9003.6650494455444        0.0000000000000000     
   10.765501956937996        8996.4934327184255        8996.4934327184255        0.0000000000000000     
   11.884001952463995        8988.6097999329395        8988.6097999329395        0.0000000000000000     
   13.103001947587995        8980.1130750446264        8980.1130750446264        0.0000000000000000     
   14.432001942271995        8971.0728779374876        8971.0728779374876        0.0000000000000000     
   15.877001936491993        8961.5854554931811        8961.5854554931811        0.0000000000000000     
   17.448501930205992        8951.7140868651350        8951.7140868651350        0.0000000000000000     
   19.153001923387993        8941.5426471892297        8941.5426471892297        0.0000000000000000     
   21.001001915995992        8931.1216624993231        8931.1216624993231        0.0000000000000000     
   23.002001907992000        8920.4991183197781        8920.4991183197781        0.0000000000000000     
   25.166001899335996        8909.7108177010487        8909.7108177010487        0.0000000000000000     
   27.502001889991995        8898.7881709329013        8898.7881709329013        0.0000000000000000     
   30.022501879909996        8887.7401244198118        8887.7401244198118        0.0000000000000000     
   32.736501869053996        8876.5885378496059        8876.5885378496059        0.0000000000000000     
   35.657001857371995        8865.3376438648356        8865.3376438648356        0.0000000000000000     
   38.794001844823995        8854.0052875448055        8854.0052875448055        0.0000000000000000     
   42.161001831355989        8842.5972498284118        8842.5972498284118        0.0000000000000000     
   45.769501816921995        8831.1278548954506        8831.1278548954506        0.0000000000000000     
   49.630501801477998        8819.6128307289273        8819.6128307289273        0.0000000000000000     
   53.758501784965993        8807.8456088554503        8807.8456088554503        0.0000000000000000     
   58.163501767345998        8795.8183708371980        8795.8183708371980        0.0000000000000000     
   62.861501748553998        8783.5819111488527        8783.5819111488527        0.0000000000000000     
   67.862001728552002        8771.1959059095825        8771.1959059095825        0.0000000000000000     
   73.179001707283987        8758.7018556636394        8758.7018556636394        0.0000000000000000     
   78.825001684699998        8746.1123127481624        8746.1123127481624        0.0000000000000000     
   84.813001660748000        8733.4266671079004        8733.4266671079004        0.0000000000000000     
   91.154501635381990        8720.6868178430541        8720.6868178430541        0.0000000000000000     
   97.860001608559998        8707.9375454103174        8707.9375454103174        0.0000000000000000     
   104.94050158023802        8694.9031971403474        8694.9031971403474        0.0000000000000000     
   112.40900155036400        8681.0943090495093        8681.0943090495093        0.0000000000000000     
   120.27700151889199        8666.6538945590710        8666.6538945590710        0.0000000000000000     
   128.55450148578200        8651.7188779577937        8651.7188779577937        0.0000000000000000     
   137.25150145099400        8636.0948781035804        8636.0948781035804        0.0000000000000000     
   146.36750141453001        8619.8767255602052        8619.8767255602052        0.0000000000000000     
   155.91300137634801        8603.2242208281514        8603.2242208281514        0.0000000000000000     
   165.90800133636799        8586.2552824757786        8586.2552824757786        0.0000000000000000     
   176.33200129467198        8569.1311711765811        8569.1311711765811        0.0000000000000000     
   187.21550125113797        8551.8965432951463        8551.8965432951463        0.0000000000000000     
   198.54800120580799        8534.6342692636863        8534.6342692636863        0.0000000000000000     
   210.33050115867800        8517.3939562310297        8517.3939562310297        0.0000000000000000     
   222.56150110975398        8500.2119596700923        8500.2119596700923        0.0000000000000000     
   235.24250105902999        8483.1169394224598        8483.1169394224598        0.0000000000000000     
   248.37250100650999        8466.1346295152707        8466.1346295152707        0.0000000000000000     
   261.94200095223198        8449.2988956716054        8449.2988956716054        0.0000000000000000     
   275.94050089623795        8432.6388898316090        8432.6388898316090        0.0000000000000000     
   290.37850083848599        8416.0155358977572        8416.0155358977572        0.0000000000000000     
   305.21600077913598        8399.2277034795097        8399.2277034795097        0.0000000000000000     
   320.46300071814801        8382.3470213632263        8382.3470213632263        0.0000000000000000     
   336.09900065560396        8365.4652808402898        8365.4652808402898        0.0000000000000000     
   352.10500059158005        8348.6600925849380        8348.6600925849380        0.0000000000000000     
   368.46000052616000        8331.9935756317464        8331.9935756317464        0.0000000000000000     
   385.15450045938201        8315.5023516238980        8315.5023516238980        0.0000000000000000     
   402.14850039140600        8299.2457215104059        8299.2457215104059        0.0000000000000000     
   419.43250032227002        8283.2414749663621        8283.2414749663621        0.0000000000000000     
   436.96600025213610        8267.5273278272380        8267.5273278272380        0.0000000000000000     
   454.73900018104393        8252.1088343723641        8252.1088343723641        0.0000000000000000     
   472.70150010919400        8237.0223039516277        8237.0223039516277        0.0000000000000000     
   500.00000000000000        8214.8397699028428        8214.8397699028428        0.0000000000000000     
