   5.4096774166398132E-002
   5.5735383648094633E-002
   5.7420703070525776E-002
   5.7741807244862449E-002
   5.9440200593677758E-002
   6.1185505299861061E-002
   6.1439867476084355E-002
   6.3193663256652724E-002
   6.4994365651480923E-002
   6.5170012635858587E-002
   6.6974208709084493E-002
   6.8825097918604555E-002
   6.8909471508046494E-002
   7.1689777869995877E-002
   7.1722435008895302E-002
   7.3614881172739358E-002
   7.5553821981311595E-002
   7.5473885532928442E-002
   7.8461349220598692E-002
   7.8316407331149543E-002
   8.1396334183692021E-002
   8.1181155502787899E-002
   8.3183929984439756E-002
   8.5232440957731179E-002
   8.6100161773196751E-002
   8.6926467014188977E-002
   8.8995777360002318E-002
   8.9793841426946075E-002
   9.1892942384223367E-002
   9.2658834587825797E-002
   9.4785456248086278E-002
   9.5515144998170320E-002
   9.7666903258151722E-002
   9.9863124742025453E-002
  0.10056395090955869     
  0.10120893835419721     
  0.10340405596732696     
  0.10400022510529942     
  0.10621270859372846     
  0.10846811023645295     
  0.10901849525362027     
  0.11128852490540607     
  0.11178003159708511     
  0.11406178000581255     
  0.11448992364922407     
  0.11678041295201448     
  0.11714069209198806     
  0.11943688541679115     
  0.12177372992636777     
  0.12206291155566447     
  0.12440217818103751     
  0.12678179708222359     
  0.12699207609540050     
  0.12711977600370269     
  0.13174720335145368     
  0.12953642316460601     
  0.13424123062850432     
  0.13427379943012291     
  0.13667848005031652     
  0.13661559437179943     
  0.13900902987697933     
  0.14143975781800369     
  0.14126946779690025     
  0.14368516508108281     
  0.14613745924030330     
  0.14585158982539023     
  0.14828499009061125     
  0.14788672147487336     
  0.15029786525410188     
  0.15274360610247739     
  0.15522432449476536     
  0.15468298305267689     
  0.15713693351109459     
  0.15647092170700072     
  0.16209760954703908     
  0.16140084695451554     
  0.16058877498833285     
  0.16636422239042467     
  0.16551741606910880     
  0.16455138036124792     
  0.17047348707051957     
  0.16946875313538134     
  0.16834101303526935     
  0.17440746723598327     
  0.17323710528323047     
  0.17570441012487859     
  0.17820186773720637     
  0.17685789187702358     
  0.17930808292750053     
  0.18178725784717736     
  0.18026234564564203     
  0.18269043416254141     
  0.18514630734118709     
  0.18763017817093167     
  0.19014225883448491     
  0.18837311630950565     
  0.19082872338517753     
  0.18889007805342814     
  0.19576364816612232     
  0.19376487520447488     
  0.19621299015391144     
  0.19403803777817477     
  0.20112850950776281     
  0.19888905419455635     
  0.20132307285686957     
  0.19890108564975201     
  0.20620595253239066     
  0.20371521901911774     
  0.20612858714551438     
  0.20344933638414772     
  0.21096572538126349     
  0.20821364672317522     
  0.21059990743150600     
  0.21300848047564733     
  0.21543947867104987     
  0.21241560408320911     
  0.21476898370884873     
  0.21714344979110661     
  0.21953909867219773     
  0.21623447783227012     
  0.21854881573545243     
  0.22088300395491203     
  0.22323712365831017     
  0.22561125449704522     
  0.22197448681098939     
  0.23035606485643909     
  0.22663274500007174     
  0.22274032560696369     
  0.23124075978525643     
  0.22725948299283272     
  0.23592224334621037     
  0.23185035152715727     
  0.23414087847674989     
  0.22984965113376435     
  0.23870992817467790     
  0.23432518925146451     
  0.23655610000313887     
  0.23880334827731664     
  0.24106697157378754     
  0.23636244305806733     
  0.23852912594515838     
  0.24782382964214936     
  0.24297267725595051     
  0.23794214941788608     
  0.24734717152049862     
  0.24958963903473749     
  0.24440769233535492     
  0.24654847703505550     
  0.24870321988410346     
   2.5344794401642532     
   10.808011081453397     
   11.493277070838843     
   11.691652211159823     
   11.539633162094722     
   11.120837085961721     
   10.557067366192319     
   9.9018172184106277     
   9.1800076774988000     
   8.4974672815104348     
   7.8005383582839363     
   8.9396513015984702     
   7.9962335538386302     
   7.1040329615244211     
   6.3197076266022068     
   5.6386575667746683     
   5.0250954505930228     
   4.4858814050074898     
   4.0018337483758639     
   3.5957727858609356     
   3.3877166741209450     
   3.0999894087329478     
   2.7643326845425293     
   2.4828771361128950     
   2.2159551019817960     
   1.9987326729792705     
   1.7934521491057767     
   1.6163551237190410     
   1.4651648470580885     
   1.3227035243186813     
   1.2177040320813823     
   1.2152773827854508     
   1.1006248360867372     
  0.99327248321845674     
  0.90534206959475161     
  0.81098145618947992     
  0.74607651383946039     
  0.67390057354589683     
  0.62781220456481501     
  0.56355481202881053     
  0.52352692651771016     
  0.57120228515096028     
  0.51972208063204395     
  0.47176132079927274     
  0.43551450980809941     
  0.38537727377972864     
  0.35466133697002478     
  0.32586347617789713     
  0.29889669251283552     
  0.27367140111391364     
  0.25009612613542331     
  0.37348413451050860     
  0.32165523550279257     
  0.28645907958724187     
  0.25441423638411753     
  0.22030967420508840     
  0.19912622530575841     
  0.17515030137949913     
  0.15769907634121941     
  0.14168454478941761     
  0.13087417336234294     
