   1088.0100000000000        104.69221319464242        103.93674860387794        107.76517124354326        87.642661076043908     
   1252.2300000000000        104.79011053270554        103.91582251407618        107.76518105910922        87.740565941438234     
   1457.5200000000000        104.88579946770921        103.88946048709263        107.76509938303130        87.836234865805011     
   1683.3299999999999        104.97863883921609        103.86178430863923        107.76501421210138        87.929159531774019     
   1950.2100000000000        105.08227728356488        103.83119757095707        107.76511860696779        88.032701378816157     
   2237.5999999999999        105.18867157038727        103.80096845953074        107.76502287887917        88.139191394778663     
   2586.5700000000002        105.31762906086249        103.76680397172389        107.76451308964189        88.268658635439138     
   2976.6199999999999        105.47937135331043        103.72851439876518        107.76402033892329        88.430893019822818     
   3407.6999999999998        105.66707533839768        103.68776691400940        107.76344259626734        88.619174676137490     
   3900.4099999999999        105.88254956226744        103.64365802086712        107.76312773205721        88.834963762152341     
   4495.7299999999996        106.13644069618880        103.59386801193415        107.76266400931506        89.089318615436625     
   5132.1300000000001        106.39235269719742        103.54513682150925        107.76213061022288        89.345764007746496     
   5871.1499999999996        106.67012423221236        103.49379525093475        107.76171890701751        89.623947244530086     
   6712.8100000000004        106.96063890404415        103.44145093094230        107.76111912290875        89.915061712083087     
   7657.1000000000004        107.25623360415712        103.38907787587456        107.76051075475991        90.211264769099927     
   8724.5799999999999        107.55550935400993        103.33612348608722        107.75992649929844        90.511124761583289     
   9956.2999999999993        107.86105398228477        103.28118234047867        107.75920431263901        90.817391466574350     
   11311.200000000001        108.18334743683316        103.22261849850048        107.75866143122096        91.140227761332213     
   12850.799999999999        108.52317526773766        103.15861931420702        107.75792902224693        91.480787996019771     
   14595.700000000001        108.86586265123381        103.09014488995599        107.75676376367164        91.824640518967129     
   16546.000000000000        109.19703354173467        103.01881596021178        107.75534902356428        92.157226057183578     
   18722.000000000000        109.51186327464424        102.94514078807467        107.75419443748740        92.473210191843165     
   21185.299999999999        109.81211393948976        102.86813034299553        107.75261493579126        92.775040322035011     
   23956.700000000001        110.09654526351341        102.78763970013712        107.74996856165278        93.062118019961872     
   27035.900000000001        110.37326939529909        102.70284618875237        107.74873320032015        93.340077468883322     
   30464.200000000001        110.64915164023273        102.61239298906953        107.74703462939854        93.617657762365695     
   34303.000000000000        110.92347638653727        102.51709942520185        107.74481376849569        93.894203359190413     
   38593.500000000000        111.19459725616494        102.41810516552216        107.74186302369623        94.168274919397135     
   43376.599999999999        111.46242479917576        102.31607013064146        107.73845007684837        94.439515317196083     
   48673.000000000000        111.72377715537868        102.21142524820128        107.73481010875705        94.704507415674740     
   54564.699999999997        111.98904437604230        102.10007226688229        107.73123991974373        94.973344770418237     
   61113.300000000003        112.25751263602913        101.98049499529256        107.72701630449811        95.246036072426350     
   68359.699999999997        112.52281744330141        101.85345743605961        107.72244643822698        95.515910712493522     
   76406.899999999994        112.78246335834596        101.71887878376371        107.71695967793914        95.781043422536243     
   85275.199999999997        113.03228067877863        101.57819555684999        107.71141838072730        96.036402084829092     
   95087.699999999997        113.27211338390346        101.43100145719556        107.70537686036090        96.282275675605717     
   105886.00000000000        113.50586057192353        101.27524940890456        107.69834503438619        96.523054796989342     
   117792.00000000000        113.74057165818462        101.10719424824946        107.69070373106635        96.765407202936743     
   130910.00000000000        113.97339948283140        100.92779022226114        107.68214129463735        97.006796624640813     
   145300.00000000000        114.20026243224422        100.73859348756592        107.67228766433594        97.243513181555613     
   161108.00000000000        114.42364864434158        100.54008664016516        107.66188681054942        97.477298826226146     
   178413.00000000000        114.64571165190932        100.33392893316176        107.65041276584090        97.710835788121244     
   197381.00000000000        114.87110898294955        100.12033290217639        107.63798881059557        97.948656894764156     
   218115.00000000000        115.10059445395649        99.900046781870444        107.62413678832002        98.191994245577547     
   240777.00000000000        115.34861639298404        99.672852092724838        107.60965564572024        98.454496231793371     
   265472.00000000000        115.62020871408073        99.435827067348725        107.59301427247971        98.742729683925248     
   292386.00000000000        115.92437803426560        99.185940430609634        107.57507575466765        99.064836357803856     
   321661.00000000000        116.25726840829336        98.924696327817429        107.55555721792236        99.417245023433722     
   353501.00000000000        116.61807630648272        98.652999451347256        107.53425597627775        99.799353829123149     
   388050.00000000000        117.00454263868174        98.372063960109159        107.51154732538718        100.20852822570012     
   425472.00000000000        117.41218759308455        98.082532308597621        107.48635392258326        100.64136670633914     
   466016.00000000000        117.83819411153711        97.783830992093897        107.45923841132139        101.09448875390906     
   509865.00000000000        118.27902830073785        97.475124206974627        107.42965914581497        101.56490215995842     
   557183.00000000000        118.74857813382606        97.150857488374470        107.39790858260953        102.06620255080128     
   608258.00000000000        119.23899364599342        96.810527757681655        107.36372438847425        102.59080226140850     
   663233.00000000000        119.74077032143533        96.454702062781379        107.32670335950974        103.12960006755496     
   722417.00000000000        120.24983128256959        96.083245890375863        107.28665193716755        103.67871238884092     
   785972.00000000000        120.76191838824688        95.697464134005344        107.24349682781596        104.23395458478923     
   854188.00000000000        121.27705489401703        95.298243198183656        107.19735821584905        104.79522997003536     
   927290.00000000000        121.79538560487671        94.887038337722899        107.14814917650223        105.36276960355974     
   1005500.0000000000        122.31896194897567        94.465253298011717        107.09466702094494        105.93982817775361     
   1089160.0000000000        122.90747151084042        94.021974564663736        107.03760281460681        106.58540184689221     
   1178390.0000000000        123.55668754390021        93.560756131373466        106.97623307120483        107.29598802069356     
   1273560.0000000000        124.26045392574227        93.084622254995608        106.91088856962152        108.06509921500329     
   1374890.0000000000        125.01301334087201        92.596393404771263        106.84129404545780        108.88725312548115     
   1482600.0000000000        125.80784407212477        92.097789172895475        106.76757592698114        109.75580191848903     
   1597000.0000000000        126.63825337599252        91.589249589717483        106.68897557764792        110.66481177725609     
   1718320.0000000000        127.49509587128657        91.071054279225521        106.60519830053157        111.60543192366266     
   1846780.0000000000        128.37038310688371        90.543281188056895        106.51692018025051        112.56899739967088     
   1982630.0000000000        129.25545847500885        90.005837979560638        106.42318056512697        113.54781225972057     
   2126080.0000000000        130.14055572112090        89.458838186187677        106.32420860067380        114.53188156897251     
   2277410.0000000000        131.01995639397714        88.902187193960074        106.22005692561902        115.51543423346376     
   2436810.0000000000        131.88506277218454        88.336174583237124        106.10998432035211        116.49061320523275     
   2604510.0000000000        132.73065303087787        87.760959911551041        105.99421952652534        117.45196839104672     
   2780730.0000000000        133.55209596781901        87.176762085942940        105.87229610600308        118.39533460182923     
   2965390.0000000000        134.34489098749185        86.584773198670121        105.74456849338104        119.31585749810301     
   3158800.0000000000        135.10718036010354        85.984895111804065        105.61082232749955        120.21189311988587     
   3361290.0000000000        135.83790706748536        85.377049530306095        105.47069589422919        121.08274613554872     
   3572480.0000000000        136.53339846238015        84.763288884088951        105.32486956315243        121.92406388231029     
   3792980.0000000000        137.19611302903868        84.142737978794415        105.17273796440615        122.73891042286013     
   4022590.0000000000        137.82387856021683        83.516894210042224        105.01398029158526        123.52543344928830     
   4261290.0000000000        138.41697803068445        82.886681931481277        104.84913855668029        124.28337455527631     
   4509090.0000000000        138.97668067420051        82.252905252226768        104.67861423353565        125.01360220104291     
   4766000.0000000000        139.50235552432994        81.616331777783927        104.50145519451732        125.71643610976318     
   5032030.0000000000        139.99605103399423        80.977690611801222        104.31826955972365        126.39331785975263     
   5306940.0000000000        140.48523356199462        80.333807860358093        104.12924755121722        127.07152218968702     
   5590540.0000000000        140.96962927537331        79.685762400565537        103.93501323187053        127.75015254167559     
   5883060.0000000000        141.44376510332535        79.034266229938368        103.73492893953805        128.42437274176746     
   6183670.0000000000        141.90342312007732        78.382253552936291        103.52987489517066        129.08908486074066     
   6492580.0000000000        142.34595378174171        77.730178139667132        103.31947570148381        129.74201484267380     
   6809360.0000000000        142.76807766484330        77.079761662404067        103.10413385346041        130.37948098503568     
   7133650.0000000000        143.16809508810695        76.432410829646159        102.88412736551248        130.99950526468297     
   7465000.0000000000        143.54516952180541        75.789550995787721        102.65980866586786        131.60089836019762     
   7803240.0000000000        143.89790867938677        75.151939264818594        102.43085303552215        132.18259326921270     
   8147530.0000000000        144.22488456975617        74.521452165944595        102.19850005777167        132.74192222697599     
   8497710.0000000000        144.52661423619804        73.898555189187064        101.96224625038603        133.27990579088836     
   8852930.0000000000        144.80246804450047        73.284821964603921        101.72285406508149        133.79515247966739     
   9212990.0000000000        145.05273281068102        72.680545925761209        101.47993985857067        134.28833180657156     
   9576920.0000000000        145.27681671185042        72.087200905382829        101.23399467118283        134.75836123245921     
   10130000.000000000        145.56979166404170        71.215744208230731        100.85815363327339        135.42717736697284     
